0.953613	-0.049072	-0.430176	-9.076336	1.801527	4.564885	0.005017
0.975586	-0.054932	-0.450195	-7.160305	1.358779	3.816794	0.015619
0.984863	-0.040771	-0.475342	-2.007634	0.083969	1.961832	0.026010
0.998779	-0.015869	-0.480957	-1.664122	1.030534	1.847328	0.036041
1.016113	-0.007568	-0.497559	-4.366412	2.374046	2.587786	0.046504
1.001709	-0.023193	-0.496094	-2.725191	4.198473	1.977099	0.056552
0.999023	-0.029541	-0.482178	-0.679389	4.580153	1.671756	0.066556
0.982666	-0.045654	-0.463135	2.106870	4.541985	1.038168	0.076692
0.970459	-0.040527	-0.444824	3.374046	3.236641	1.458015	0.086708
0.958496	-0.047119	-0.439941	1.145038	2.137405	2.938931	0.096736
0.962402	-0.060059	-0.432617	2.022901	1.770992	2.366412	0.106698
0.959473	-0.067139	-0.422363	1.221374	1.893130	1.572519	0.116857
0.953125	-0.076416	-0.405762	-0.480916	1.450382	0.801527	0.126880
0.954590	-0.086670	-0.409424	-0.664122	0.564885	-0.740458	0.136928
0.939209	-0.078613	-0.410400	0.328244	0.229008	-2.374046	0.146906
0.932129	-0.066895	-0.418945	-0.267176	-0.847328	-3.213740	0.156843
0.924072	-0.050537	-0.425293	-1.045802	-1.091603	-3.503817	0.166887
0.920898	-0.039551	-0.436035	-1.931298	-0.862595	-4.587786	0.176935
0.933350	-0.025391	-0.446289	-1.007634	-0.816794	-3.931298	0.186894
0.947754	0.003418	-0.442383	-4.129771	-2.099237	-1.564885	0.196952
0.983398	-0.001465	-0.454590	-0.229008	-2.625954	-1.938931	0.206928
0.966064	0.009033	-0.450928	3.625954	-1.297710	-1.748092	0.218360
0.971191	0.002930	-0.471680	1.221374	-0.580153	1.541985	0.230451
0.972168	-0.017090	-0.443115	3.755725	0.312977	2.259542	0.242337
0.971436	-0.032715	-0.460449	-1.442748	1.137405	3.343511	0.254065
0.969971	-0.050293	-0.459717	-12.312977	7.893130	4.419847	0.266301
0.951416	-0.110107	-0.420410	-9.068702	8.618321	2.000000	0.278075
0.957031	-0.091064	-0.406738	-0.603053	1.480916	-1.648855	0.289913
0.962646	-0.078613	-0.410156	-3.442748	-0.916031	-0.320611	0.301440
0.970947	-0.075928	-0.415039	2.458015	0.847328	-3.091603	0.313569
0.981934	-0.033447	-0.431885	4.946565	-1.648855	-2.938931	0.325464
1.004639	-0.004883	-0.471191	6.984733	-2.816794	-2.564885	0.336935
1.020508	0.012207	-0.470947	5.038168	-1.801527	-2.007634	0.348730
1.017090	0.010010	-0.483398	-0.213740	0.549618	-0.763359	0.360738
1.002686	-0.017822	-0.473389	-3.931298	3.366412	-1.954198	0.372796
0.991943	-0.042480	-0.472168	-1.900763	4.251908	-0.908397	0.384412
0.972656	-0.036865	-0.443604	-3.534351	3.175573	-0.190840	0.396115
0.960205	-0.054688	-0.431396	-5.969466	3.236641	0.297710	0.407781
0.950195	-0.069824	-0.412354	-7.687023	3.717557	1.152672	0.420010
0.941406	-0.063965	-0.407959	-5.580153	3.595420	0.992366	0.431754
0.945312	-0.076172	-0.406738	-0.374046	2.595420	0.526718	0.443619
0.955078	-0.054932	-0.421631	5.931298	2.030534	-0.206107	0.455656
0.969482	-0.036133	-0.424072	6.160305	1.648855	-0.221374	0.467400
0.959961	-0.028076	-0.422852	2.679389	1.076336	0.106870	0.479277
0.965332	-0.022217	-0.425049	-0.893130	0.633588	0.427481	0.490568
0.979980	-0.021484	-0.425537	-1.557252	0.312977	0.320611	0.501681
0.979736	-0.017578	-0.427734	-2.885496	-0.099237	0.633588	0.514102
0.979736	-0.021240	-0.425781	-6.129771	1.122137	0.396947	0.525927
0.989258	-0.027832	-0.432617	-9.580153	2.778626	1.190840	0.537747
0.994141	-0.035645	-0.434082	-10.206107	2.793893	-0.061069	0.549478
0.998047	-0.041504	-0.440186	-12.015267	3.381679	-0.335878	0.561527
0.994385	-0.036621	-0.437012	-10.687023	3.656489	-1.557252	0.573484
0.989502	-0.057129	-0.420166	-10.488550	2.778626	-1.938931	0.585194
0.985840	-0.045898	-0.422363	-9.862595	1.083969	-2.671756	0.596883
0.992188	-0.043457	-0.417480	-8.702290	-0.175573	-3.106870	0.608882
0.984131	-0.053467	-0.423096	-9.076336	-0.862595	-2.809160	0.620820
0.992432	-0.050781	-0.432129	-7.984733	-1.618321	-2.641221	0.632755
0.987793	-0.034668	-0.440186	-7.328244	-1.740458	-2.488550	0.644433
0.992920	-0.041504	-0.456787	-7.076336	-2.328244	-2.679389	0.656409
0.989746	-0.032959	-0.454590	-6.641221	-2.190840	-2.603053	0.668050
0.987793	-0.063477	-0.458740	-4.931298	1.290076	-3.961832	0.679974
0.953857	-0.072021	-0.431152	-5.603053	4.938931	-4.526718	0.691701
0.946045	-0.082031	-0.408203	-3.213740	5.893130	-6.770992	0.702927
0.931641	-0.069092	-0.402100	-1.030534	3.702290	-7.725191	0.716287
0.929688	-0.048096	-0.409668	1.541985	-1.725191	-8.244275	0.728189
0.949707	-0.024902	-0.426270	3.114504	-10.580153	-8.374046	0.740280
0.968262	0.000000	-0.459717	0.022901	-17.816794	-7.381679	0.752161
0.993408	0.004395	-0.472656	-1.305344	-14.534351	-6.603053	0.763738
0.990967	0.008545	-0.476074	2.290076	-4.977099	-8.106870	0.774531
0.979736	0.030029	-0.458252	1.251908	3.083969	-6.473282	0.785250
0.973145	0.000732	-0.446289	2.603053	7.755725	-6.045802	0.796869
0.960449	0.005859	-0.435791	6.145038	9.381679	-7.854962	0.808734
0.948975	0.003906	-0.418945	-0.076336	8.053435	-5.679389	0.820892
0.950439	-0.012207	-0.419678	-3.229008	3.351145	-5.175573	0.832574
0.963623	-0.027344	-0.425537	-2.480916	-3.320611	-5.679389	0.844540
0.969727	-0.025391	-0.436768	-2.435115	-8.618321	-6.206107	0.855841
0.982666	-0.015381	-0.454590	-5.786260	-9.519084	-5.916031	0.867833
0.980225	0.001221	-0.452148	-7.152672	-7.664122	-6.374046	0.879393
0.979736	0.011719	-0.456543	-6.183206	-4.694656	-6.732824	0.891408
0.989746	0.015137	-0.462646	-5.992366	-1.389313	-5.618321	0.903267
0.999023	0.008789	-0.457031	-5.374046	2.282443	-4.595420	0.915197
0.988281	-0.005615	-0.450439	-5.541985	2.793893	-3.450382	0.927012
0.978516	-0.014893	-0.445801	-7.198473	-0.519084	-2.389313	0.938971
0.987061	-0.015869	-0.445312	-6.770992	-1.786260	-2.541985	0.950801
0.981445	-0.008057	-0.443848	-5.816794	-2.206107	-3.152672	0.962849
0.978516	0.008545	-0.468018	-5.412214	-2.961832	-4.099237	0.977361
0.973633	0.003906	-0.473389	-5.549618	-2.946565	-4.427481	0.989299
0.975098	0.012451	-0.474609	-6.832061	-1.473282	-4.465649	1.001301
0.964355	0.013184	-0.466797	-5.038168	0.114504	-4.435115	1.013446
0.962646	0.020508	-0.471924	-3.213740	1.343511	-4.503817	1.024899
0.960205	0.020996	-0.481201	-4.190840	0.778626	-3.267176	1.036758
0.946533	0.000977	-0.479492	-4.167939	-0.732824	-2.839695	1.049296
0.940430	-0.009521	-0.468750	-4.679389	-3.129771	-2.732824	1.061289
0.940674	-0.015869	-0.469482	-3.595420	-3.877863	-3.656489	1.073047
0.941650	-0.015137	-0.458496	-1.076336	-4.725191	-4.877863	1.084857
0.937988	-0.005127	-0.450684	-2.312977	-6.389313	-4.770992	1.096494
0.950928	-0.001953	-0.459229	-2.832061	-5.603053	-5.900763	1.108333
0.948975	0.000244	-0.459717	-2.061069	-2.297710	-6.236641	1.120335
0.939453	0.017090	-0.449951	2.511450	-0.648855	-7.671756	1.132107
0.934814	0.041260	-0.439453	4.160305	-1.251908	-7.160305	1.143867
0.944336	0.059814	-0.454590	2.755725	-2.511450	-5.244275	1.155555
0.941406	0.065186	-0.471191	3.748092	-2.022901	-4.824427	1.167526
0.968018	0.079590	-0.489258	5.832061	-2.381679	-4.404580	1.179525
0.980469	0.073975	-0.500000	-4.404580	-2.022901	-1.534351	1.190911
0.978271	0.051758	-0.496582	-6.931298	-1.534351	-0.908397	1.200954
0.963623	0.025146	-0.488770	-3.954198	-3.366412	-2.221374	1.211668
0.954834	0.013184	-0.477539	-2.618321	-6.236641	-2.145038	1.221495
0.951660	0.012207	-0.484619	-2.938931	-7.595420	-1.786260	1.231926
0.955322	0.005615	-0.481934	-5.190840	-5.687023	-2.083969	1.242113
0.957031	-0.008545	-0.479248	-6.183206	-4.259542	-2.366412	1.252521
0.952881	-0.008545	-0.462891	-5.671756	-3.541985	-2.603053	1.262784
0.952148	-0.013184	-0.442871	-6.534351	-0.618321	-2.129771	1.273221
0.950928	-0.023682	-0.425293	-6.725191	2.587786	-1.877863	1.283719
0.939209	-0.020020	-0.440918	-4.007634	2.748092	-2.740458	1.294116
0.938477	0.005859	-0.441895	-1.221374	0.083969	-3.083969	1.304151
0.935059	0.035645	-0.483643	-2.694656	-1.900763	-2.335878	1.314728
0.954834	0.057861	-0.497314	-5.557252	-1.870229	-1.061069	1.324999
0.968506	0.053223	-0.503662	-4.748092	-1.770992	-0.870229	1.335315
0.977539	0.047852	-0.515381	-0.916031	-3.236641	-1.381679	1.345643
0.975098	0.049561	-0.490723	0.687023	-3.358779	-1.083969	1.356040
0.979004	0.053223	-0.483643	-4.076336	-1.320611	0.770992	1.366277
0.972412	0.027344	-0.477783	-7.419847	2.603053	0.931298	1.376853
0.961182	0.018311	-0.453613	-9.259542	4.274809	1.755725	1.387602
0.957520	0.014893	-0.463623	-7.946565	4.389313	1.061069	1.398491
0.961670	0.028320	-0.461182	-8.122137	4.610687	0.954198	1.408138
0.976562	0.045410	-0.473145	-10.221374	4.740458	1.167939	1.418891
0.985596	0.047119	-0.472656	-12.488550	4.832061	1.412214	1.429158
0.989258	0.045654	-0.477539	-12.419847	4.908397	1.366412	1.439712
0.987793	0.027588	-0.466064	-8.572519	3.961832	0.160305	1.450347
0.988037	0.030029	-0.480957	-3.938931	2.519084	0.099237	1.460576
0.975342	0.035889	-0.462646	-1.694656	1.717557	2.129771	1.470919
0.968506	0.038818	-0.462158	-2.610687	1.328244	3.290076	1.481481
0.964111	0.035889	-0.475830	-3.816794	2.496183	4.549618	1.491409
0.959717	0.026367	-0.472168	-3.496183	4.534351	4.015267	1.501805
0.958008	0.016357	-0.481445	-1.473282	5.022901	2.503817	1.512046
0.957764	0.010498	-0.484863	-1.618321	4.358779	1.083969	1.522584
0.961670	0.000000	-0.483887	-5.488550	3.526718	0.259542	1.532615
0.964111	0.005615	-0.477783	-8.992366	3.992366	-0.389313	1.542705
0.957764	-0.000244	-0.452881	-8.786260	4.732824	-1.549618	1.553333
0.941406	0.002441	-0.440918	-6.717557	3.229008	-2.045802	1.563812
0.933105	0.005127	-0.438965	-4.778626	1.015267	-1.419847	1.573334
0.933105	0.012451	-0.438477	-3.480916	0.068702	0.160305	1.584031
0.932129	0.015625	-0.446777	-0.732824	0.816794	0.595420	1.594242
0.919189	0.023438	-0.456299	0.007634	0.740458	1.351145	1.603872
0.930908	0.037109	-0.456787	4.229008	-0.435115	2.274809	1.614827
0.945557	0.038574	-0.480225	6.679389	-1.832061	2.480916	1.625218
0.960938	0.053223	-0.483154	10.687023	-3.885496	-2.404580	1.635379
0.986328	0.081299	-0.508789	-1.076336	1.435115	-6.625954	1.645802
0.924805	0.087158	-0.482666	-46.648855	10.129771	9.274809	1.656254
0.953857	-0.061768	-0.465332	-29.725191	7.717557	3.671756	1.666372
0.934082	0.036621	-0.463379	-4.564885	-8.106870	-4.946565	1.676611
0.939453	0.062012	-0.467041	-22.900763	-12.656489	4.763359	1.686638
0.943604	0.002686	-0.447021	-26.282443	-1.961832	6.061069	1.697148
0.951172	0.018311	-0.450684	-11.702290	5.519084	3.396947	1.707425
0.969238	0.044922	-0.476074	0.786260	2.328244	4.145038	1.717663
0.995605	0.067383	-0.504639	-0.213740	3.984733	10.145038	1.727746
1.043457	0.054688	-0.536133	2.519084	8.931298	8.106870	1.737757
1.031494	0.028320	-0.524170	-11.740458	20.870229	16.297710	1.747942
1.020264	-0.052734	-0.485352	-4.564885	16.244275	13.854962	1.758202
1.016113	-0.027588	-0.461670	1.977099	12.603053	11.519084	1.768007
0.980469	-0.063965	-0.431641	-0.725191	10.755725	11.687023	1.777758
0.951904	-0.083740	-0.412354	3.870229	3.381679	5.282443	1.788410
0.945557	-0.051025	-0.426758	-7.038168	1.778626	5.725191	1.798572
0.953857	-0.076904	-0.402344	-16.312977	6.977099	7.885496	1.808647
0.958008	-0.083984	-0.414062	0.473282	6.793893	1.992366	1.819038
0.961914	-0.037842	-0.449707	9.572519	3.793893	0.106870	1.829546
0.973877	-0.024902	-0.454346	7.984733	3.374046	-0.351145	1.839788
0.979736	0.001221	-0.462158	-1.000000	2.564885	2.503817	1.850017
0.979004	-0.033691	-0.459717	-0.679389	2.694656	1.061069	1.860652
0.977051	-0.015869	-0.450928	8.114504	2.931298	-1.473282	1.871008
0.957031	0.007812	-0.443604	7.603053	1.022901	-0.671756	1.880989
0.970215	0.021484	-0.451416	4.824427	3.145038	-0.091603	1.891447
0.961914	0.012695	-0.451660	1.473282	6.625954	1.290076	1.901648
0.962891	0.011230	-0.439209	3.152672	6.030534	1.442748	1.912129
0.956055	0.011230	-0.451172	2.519084	3.824427	1.847328	1.921601
0.969727	-0.001953	-0.458008	-0.167939	2.877863	2.885496	1.932165
0.975342	-0.011475	-0.458252	-1.923664	2.351145	2.374046	1.942232
0.964844	-0.027344	-0.471436	-5.656489	1.068702	2.786260	1.952418
0.955566	-0.038574	-0.469482	-7.251908	1.396947	2.106870	1.963237
0.949707	-0.033936	-0.465576	-8.374046	0.984733	0.908397	1.973315
0.960205	-0.033203	-0.456299	-7.282443	1.946565	0.244275	1.983343
0.963135	-0.046143	-0.463623	-4.206107	3.152672	-0.045802	1.993815
0.976562	-0.017090	-0.477295	-0.946565	4.725191	-0.473282	2.003978
0.975830	-0.016846	-0.457520	0.954198	6.175573	-0.725191	2.014844
0.973389	-0.029785	-0.456299	1.679389	6.732824	-0.885496	2.025160
0.972656	-0.018555	-0.433350	2.099237	6.061069	-0.900763	2.035706
0.971680	-0.029541	-0.424561	3.587786	4.183206	-1.541985	2.046093
0.970947	-0.026123	-0.428955	3.580153	2.748092	-1.244275	2.056132
0.963623	-0.028809	-0.423584	4.083969	1.534351	-1.389313	2.065637
0.961670	-0.016846	-0.425537	3.862595	0.480916	-0.916031	2.076795
0.977051	-0.018555	-0.440186	3.175573	0.091603	-0.534351	2.087108
0.977295	-0.011475	-0.431152	2.076336	1.122137	-0.122137	2.097206
0.992188	-0.026123	-0.428467	2.083969	2.633588	-0.419847	2.107610
0.996094	-0.035645	-0.440674	2.587786	4.656489	-2.000000	2.118211
0.973877	-0.042480	-0.434082	0.824427	6.656489	-1.885496	2.128266
0.967041	-0.053467	-0.423096	3.412214	4.732824	-3.320611	2.138633
0.958252	-0.041748	-0.422119	3.160305	2.885496	-3.969466	2.148744
0.955566	-0.045654	-0.416260	1.274809	3.412214	-3.419847	2.158991
0.965332	-0.036621	-0.406738	4.320611	3.641221	-5.129771	2.169641
0.966797	-0.012207	-0.419678	4.473282	0.854962	-4.450382	2.179653
0.978027	-0.002686	-0.437256	3.610687	-0.641221	-3.793893	2.189927
0.974365	0.007324	-0.437988	4.519084	-0.679389	-3.877863	2.200166
0.995361	0.022705	-0.435303	3.358779	0.244275	-3.610687	2.210526
1.001953	0.032715	-0.450439	0.656489	1.916031	-2.083969	2.220880
1.005127	0.039795	-0.448242	-2.106870	3.358779	-0.961832	2.230920
1.017578	0.042969	-0.441162	-5.221374	5.923664	1.641221	2.241314
1.013916	0.030762	-0.441895	-4.633588	5.351145	2.198473	2.251453
1.020508	0.033936	-0.442871	-9.000000	4.770992	3.954198	2.261597
1.019287	0.024902	-0.447266	-16.137405	6.916031	5.541985	2.272110
1.010498	0.008789	-0.434570	-20.641221	8.587786	6.229008	2.282210
0.992676	-0.004395	-0.424561	-21.778626	9.038168	5.809160	2.292109
0.989502	-0.013672	-0.403564	-20.480916	7.259542	6.190840	2.301457
0.989258	-0.011230	-0.416016	-18.755725	6.038168	6.603053	2.311548
0.992676	-0.031006	-0.403320	-19.305344	6.335878	7.198473	2.321773
0.988037	-0.034180	-0.397705	-21.259542	8.099237	7.625954	2.331226
0.975342	-0.042236	-0.389404	-24.190840	9.076336	8.206107	2.341775
0.974854	-0.047363	-0.416992	-22.908397	7.267176	7.045802	2.351867
0.968750	-0.047607	-0.422852	-21.320611	7.167939	5.923664	2.362138
0.950195	-0.046143	-0.422363	-20.702290	10.496183	4.549618	2.372780
0.941895	-0.049072	-0.414307	-18.541985	11.610687	3.274809	2.382923
0.939209	-0.044434	-0.423340	-14.786260	10.832061	2.213740	2.393094
0.945557	-0.041504	-0.416260	-12.160305	9.427481	1.297710	2.403374
0.958496	-0.031006	-0.416504	-10.213740	6.977099	-0.305344	2.413567
0.956787	-0.010742	-0.427002	-12.076336	4.213740	1.938931	2.423983
0.966309	-0.020752	-0.429199	-13.083969	1.603053	0.274809	2.434226
0.973145	-0.020508	-0.413330	-9.946565	-0.282443	-0.458015	2.444467
0.979980	-0.014648	-0.407471	-6.595420	0.824427	-1.412214	2.454476
0.970703	0.003174	-0.417969	-5.763359	4.725191	-1.458015	2.464704
0.980957	0.012695	-0.425293	-6.984733	6.992366	-1.015267	2.475289
0.978516	-0.004395	-0.410400	-5.984733	6.389313	-1.435115	2.485715
0.984375	0.006348	-0.423828	-6.816794	2.633588	-1.564885	2.495787
0.979248	-0.016602	-0.411133	-10.000000	1.290076	-0.809160	2.505284
0.977051	-0.011230	-0.430664	-8.480916	-4.076336	-1.633588	2.516257
0.989014	-0.015137	-0.435303	-8.229008	-1.442748	-1.328244	2.526587
0.985596	-0.011475	-0.443115	-2.053435	-0.977099	-3.206107	2.536707
0.965820	-0.030762	-0.436768	-0.366412	-0.206107	-3.206107	2.546899
0.969727	-0.021729	-0.434570	8.465649	3.946565	-5.885496	2.557204
0.983643	0.050537	-0.484863	12.458015	1.900763	-10.145038	2.567162
1.003662	0.006836	-0.479004	-0.076336	-5.480916	-4.786260	2.577873
1.025146	0.004395	-0.463135	7.106870	-0.938931	-7.893130	2.588159
1.018555	0.017090	-0.441406	12.229008	4.809160	-7.007634	2.598052
1.011475	0.021240	-0.481934	16.534351	8.641221	-12.305344	2.608485
0.976318	0.041992	-0.418213	-0.045802	3.877863	-4.580153	2.618683
0.983398	-0.025635	-0.409912	-2.564885	-1.687023	-8.648855	2.628739
0.956299	-0.008789	-0.413330	-8.244275	-6.175573	-7.282443	2.638709
0.945312	-0.054932	-0.408691	-5.870229	-14.038168	-9.923664	2.649873
0.947998	0.009277	-0.404053	-17.259542	-21.183206	-2.007634	2.660525
0.969971	-0.062744	-0.428955	-3.908397	-7.083969	-8.709924	2.670944
0.949707	0.014404	-0.435547	12.969466	-0.053435	-13.770992	2.681667
0.956787	0.015381	-0.434570	6.938931	-3.038168	-7.564885	2.691424
0.981689	0.042236	-0.446777	7.267176	-5.801527	-9.145038	2.700642
0.998535	0.057129	-0.446533	0.366412	-3.671756	-7.412214	2.711267
0.990723	0.075928	-0.434326	0.419847	-2.007634	-9.259542	2.721560
0.962158	0.090332	-0.426758	-5.442748	-9.290076	-5.015267	2.731769
0.960938	0.055176	-0.423584	-2.129771	-9.503817	-5.091603	2.741695
0.936279	0.051514	-0.415039	0.793893	-4.847328	-3.496183	2.752566
0.913574	0.024170	-0.409668	-0.725191	-2.763359	0.114504	2.762571
0.917969	-0.006836	-0.402344	2.305344	-2.969466	0.778626	2.773085
0.915771	-0.013184	-0.417725	2.816794	-2.396947	0.816794	2.783392
0.928223	-0.011963	-0.426758	1.045802	-2.374046	-0.099237	2.793489
0.953369	0.003906	-0.449463	-4.106870	-3.137405	1.687023	2.803671
0.975098	-0.005615	-0.438232	-7.129771	-4.366412	0.320611	2.814062
1.000732	0.022461	-0.473633	-4.564885	-5.801527	-0.541985	2.824656
1.016357	0.033203	-0.469482	-0.854962	-6.801527	-0.877863	2.834614
1.006836	0.041504	-0.465332	3.427481	-6.206107	-1.160305	2.844759
0.985107	0.057617	-0.466309	6.648855	-3.335878	-0.793893	2.855217
0.995850	0.064453	-0.477783	5.809160	-0.198473	1.091603	2.865364
0.995361	0.068115	-0.464844	-1.038168	5.755725	3.854962	2.875583
0.987305	0.010986	-0.442383	-4.564885	7.488550	7.809160	2.886038
0.989258	-0.005615	-0.442871	-2.748092	4.748092	5.328244	2.896374
0.985596	-0.023926	-0.435059	0.213740	0.725191	3.770992	2.906566
0.989990	-0.032715	-0.433105	1.931298	-2.740458	1.809160	2.916819
0.975586	-0.022949	-0.434082	-4.511450	-3.366412	1.412214	2.927016
0.985107	-0.028076	-0.436768	-4.763359	-1.038168	-0.152672	2.937571
0.970215	-0.011963	-0.449463	-2.175573	0.496183	-2.435115	2.947451
0.960938	0.010986	-0.433105	-4.503817	1.824427	-2.664122	2.957798
0.956543	0.024170	-0.434082	-8.038168	1.045802	-1.412214	2.968231
0.947266	0.017334	-0.433594	-8.946565	-0.022901	0.076336	2.981682
0.955811	0.009521	-0.436523	-4.816794	-1.099237	-0.129771	2.991958
0.954346	0.008057	-0.427979	-0.030534	-2.122137	-0.595420	3.001734
0.962158	0.020264	-0.454346	1.198473	-3.549618	0.328244	3.012261
0.978516	0.028564	-0.468994	-1.396947	-3.221374	1.358779	3.022033
0.992188	0.023193	-0.467041	-3.618321	-0.496183	1.328244	3.032623
0.999756	0.006104	-0.490234	-4.725191	1.564885	1.007634	3.042652
0.998291	-0.004639	-0.478027	-5.786260	2.083969	0.664122	3.052943
0.983887	-0.012939	-0.454102	-5.908397	3.030534	0.465649	3.063136
0.965576	-0.023926	-0.442871	-1.862595	3.656489	-0.603053	3.073731
0.949219	-0.026855	-0.433594	1.778626	2.465649	-1.541985	3.083989
0.954102	-0.023682	-0.442627	2.045802	0.267176	-1.381679	3.094223
0.961182	-0.008057	-0.451904	0.053435	0.519084	-0.618321	3.104236
0.968506	-0.006104	-0.439209	2.335878	2.656489	-1.656489	3.114678
0.968994	0.007812	-0.454346	2.480916	2.671756	-1.198473	3.124939
0.954346	0.004395	-0.439209	1.328244	2.435115	-0.534351	3.135394
0.967041	0.006104	-0.442383	1.801527	1.007634	-0.923664	3.145395
0.964111	0.002441	-0.431641	2.938931	-0.145038	-1.503817	3.155713
0.951416	0.000488	-0.437988	2.389313	-1.366412	-0.778626	3.166059
0.957275	0.007324	-0.453369	2.435115	-1.572519	-0.412214	3.176486
0.961182	0.025635	-0.476318	-0.053435	0.816794	-0.175573	3.186751
0.970459	0.027344	-0.481201	-4.328244	3.137405	1.030534	3.196664
0.979980	0.017578	-0.484863	-6.908397	4.572519	1.824427	3.206541
0.980957	-0.001221	-0.463867	-4.160305	4.641221	1.015267	3.217825
0.969238	0.010742	-0.453369	-2.709924	2.992366	1.213740	3.228501
0.963379	0.003662	-0.437012	-2.381679	2.519084	1.717557	3.239171
0.960938	0.010498	-0.427490	-2.297710	2.854962	1.847328	3.249120
0.960449	-0.007080	-0.424072	-4.709924	3.381679	3.305344	3.259979
0.968750	0.003662	-0.425781	-6.679389	3.427481	4.236641	3.270996
0.977295	-0.008057	-0.420166	-10.106870	3.122137	5.404580	3.281274
0.992920	-0.008545	-0.424072	-10.557252	2.786260	5.229008	3.291569
0.995850	-0.001709	-0.460693	-9.282443	1.114504	4.954198	3.301919
0.988770	0.000244	-0.476074	-6.671756	0.870229	4.366412	3.312792
0.982422	0.003418	-0.486328	-2.038168	2.312977	2.954198	3.323437
0.966553	0.003906	-0.468018	1.282443	4.099237	1.534351	3.333385
0.956787	-0.003906	-0.461426	1.862595	5.923664	1.549618	3.343563
0.964600	-0.001465	-0.444092	1.435115	6.862595	1.717557	3.353982
0.958984	-0.004150	-0.439697	3.030534	6.625954	1.137405	3.364510
0.962402	-0.014404	-0.434570	4.809160	6.190840	1.213740	3.375036
0.961182	-0.010742	-0.422607	5.412214	4.221374	2.007634	3.385340
0.954346	-0.022461	-0.443604	6.290076	1.786260	1.152672	3.395838
0.963867	-0.025635	-0.450195	8.893130	0.236641	-0.358779	3.406225
0.958008	-0.015381	-0.437012	8.129771	-0.931298	0.099237	3.416495
0.963623	-0.019287	-0.427979	7.213740	-0.503817	-0.114504	3.427132
0.953613	-0.008301	-0.446777	8.320611	-0.152672	-0.297710	3.437385
0.969727	0.004639	-0.468018	9.076336	-0.198473	-1.297710	3.447766
0.970947	0.017090	-0.475586	4.801527	2.129771	-1.763359	3.457937
0.976318	0.027588	-0.465332	-8.732824	6.480916	1.595420	3.468316
0.971191	0.007324	-0.452393	-13.000000	5.190840	2.984733	3.478902
0.971191	0.001465	-0.437744	-5.694656	0.267176	1.541985	3.489033
0.968018	0.013916	-0.429199	-0.656489	-3.038168	1.458015	3.499386
0.980225	0.000244	-0.448242	-1.435115	-1.137405	2.160305	3.509781
0.982910	-0.003174	-0.452393	-5.984733	3.091603	3.870229	3.519769
0.979492	-0.027100	-0.449219	-6.587786	5.755725	3.526718	3.530181
0.970703	-0.030518	-0.435791	-6.076336	7.152672	4.465649	3.540683
0.972168	-0.031250	-0.437988	-2.320611	9.335878	4.267176	3.550907
0.975098	-0.012207	-0.433105	-1.671756	9.137405	4.824427	3.561097
0.999512	-0.020996	-0.437500	-4.236641	7.175573	6.961832	3.571525
0.989258	-0.030029	-0.442139	-1.076336	6.358779	5.870229	3.581790
0.984131	-0.026611	-0.440674	-0.709924	5.465649	6.839695	3.591642
0.978516	-0.045410	-0.431885	0.770992	4.022901	6.305344	3.602284
0.975342	-0.033203	-0.432129	0.885496	3.961832	3.732824	3.612616
0.973389	-0.032471	-0.443848	-12.076336	11.290076	7.778626	3.623070
0.965576	-0.064697	-0.423584	-6.335878	12.465649	5.175573	3.633490
0.969238	-0.064697	-0.434082	3.099237	6.732824	2.977099	3.643708
0.967529	-0.046875	-0.429932	4.305344	2.030534	2.740458	3.653920
0.981689	-0.046387	-0.420166	-1.083969	-0.183206	2.969466	3.663957
0.968750	-0.031250	-0.434570	-9.412214	2.007634	3.969466	3.674130
0.969971	-0.062744	-0.427246	-10.572519	1.770992	4.251908	3.684359
0.967773	-0.064453	-0.414795	-1.709924	-1.297710	1.839695	3.694055
0.974121	-0.042969	-0.431396	3.389313	-3.206107	1.519084	3.704801
0.979736	-0.042480	-0.411865	3.419847	-3.206107	1.938931	3.714982
0.987061	-0.027344	-0.422852	-0.091603	-2.839695	0.679389	3.725052
0.984375	-0.028809	-0.423828	-9.664122	2.083969	3.816794	3.735150
0.976318	-0.048828	-0.420410	-3.396947	0.694656	3.183206	3.745328
0.980957	-0.004883	-0.429932	1.648855	-1.480916	4.656489	3.755315
0.996826	0.003906	-0.440430	-0.198473	0.358779	7.541985	3.765058
1.001465	-0.001465	-0.443115	0.816794	0.557252	7.541985	3.774669
1.012939	0.030518	-0.436279	-4.740458	1.221374	12.129771	3.783905
1.024170	-0.012939	-0.444580	0.572519	-0.687023	8.030534	3.793423
0.994385	-0.001953	-0.441406	-4.893130	3.282443	9.381679	3.804007
0.991699	-0.020508	-0.431152	-14.366412	5.106870	12.923664	3.814378
0.989990	-0.038330	-0.419434	-15.900763	5.984733	13.351145	3.824684
0.990234	-0.069580	-0.398682	-15.496183	6.229008	11.961832	3.835054
0.983154	-0.088379	-0.401855	-17.274809	6.587786	12.053435	3.845342
0.996094	-0.107666	-0.404297	-18.862595	4.648855	9.862595	3.855882
0.991699	-0.113281	-0.399414	-19.557252	2.030534	8.595420	3.865708
0.980713	-0.106934	-0.398193	-17.374046	1.587786	5.992366	3.876509
0.980225	-0.092041	-0.414062	-14.122137	2.000000	3.358779	3.887358
0.981201	-0.064941	-0.411621	-16.137405	1.648855	4.351145	3.897584
0.988770	-0.044922	-0.408447	-14.473282	1.793893	3.083969	3.908218
0.988770	-0.013916	-0.427246	-14.259542	3.030534	3.564885	3.918502
1.002930	-0.020020	-0.420898	-15.465649	4.106870	5.312977	3.928711
1.006348	-0.019531	-0.416748	-14.908397	4.007634	6.877863	3.939293
1.013672	-0.019531	-0.418457	-12.977099	4.328244	8.221374	3.949910
1.001953	-0.044189	-0.406738	-10.534351	6.458015	8.282443	3.960283
0.994385	-0.055176	-0.404053	-11.916031	7.473282	9.732824	3.970356
0.976074	-0.062012	-0.395752	-16.267176	8.091603	11.305344	3.980875
0.962646	-0.078857	-0.390381	-17.213740	10.190840	11.282443	3.990609
0.953125	-0.076172	-0.383545	-13.969466	11.541985	9.267176	4.001242
0.948975	-0.072021	-0.366699	-12.595420	9.938931	8.679389	4.011765
0.961426	-0.063477	-0.375977	-13.152672	6.274809	8.366412	4.021693
0.966309	-0.052490	-0.398193	-13.763359	6.167939	7.641221	4.032099
0.979004	-0.045166	-0.406006	-13.603053	6.908397	6.832061	4.042660
0.983887	-0.044922	-0.388184	-13.709924	5.015267	7.992366	4.052856
0.989746	-0.064209	-0.385498	-17.679389	3.786260	9.236641	4.063276
0.993652	-0.073730	-0.423340	-21.267176	2.145038	9.801527	4.073673
0.981934	-0.089844	-0.412598	-24.946565	4.541985	10.832061	4.084045
1.006348	-0.084961	-0.390137	-27.366412	5.893130	11.229008	4.094105
1.026123	-0.102295	-0.388184	-30.251908	12.236641	12.137405	4.104266
1.006104	-0.108887	-0.366943	-32.000000	15.404580	10.389313	4.114798
1.013184	-0.127930	-0.352539	-34.503817	15.633588	10.534351	4.125040
1.025391	-0.090088	-0.358887	-30.145038	12.877863	4.618321	4.135146
1.052979	-0.087646	-0.384277	-43.381679	13.221374	10.442748	4.145088
1.048584	-0.133301	-0.355225	-45.870229	12.931298	6.977099	4.155716
1.017090	-0.142090	-0.372070	-49.854962	7.885496	7.870229	4.165992
0.981445	-0.140625	-0.411621	-35.961832	5.290076	1.992366	4.176260
0.958008	-0.093262	-0.435059	-23.488550	10.305344	-3.984733	4.186573
0.943115	-0.043945	-0.460449	-25.480916	16.076336	-2.381679	4.196725
0.926758	-0.027100	-0.463135	-29.587786	19.778626	0.755725	4.207332
0.930176	-0.035889	-0.454590	-24.030534	20.290076	0.977099	4.217659
0.935059	-0.022217	-0.438477	-19.099237	19.229008	3.358779	4.228002
0.943848	-0.026611	-0.434814	-16.328244	17.160305	4.099237	4.238306
0.945312	-0.028809	-0.426514	-19.778626	13.740458	5.458015	4.248576
0.945557	-0.050537	-0.422852	-24.061069	9.770992	5.725191	4.258637
0.956543	-0.070801	-0.394287	-24.557252	10.213740	4.343511	4.269141
0.989746	-0.090820	-0.386230	-24.045802	6.801527	2.305344	4.279725
1.008301	-0.099609	-0.395752	-21.366412	3.778626	-1.198473	4.290087
1.015137	-0.097412	-0.390869	-20.122137	2.160305	-1.961832	4.300357
1.015137	-0.098633	-0.386230	-22.290076	1.541985	-5.404580	4.310854
1.004150	-0.103027	-0.394531	-23.893130	0.763359	-6.702290	4.321258
1.000000	-0.094238	-0.383789	-20.709924	-0.664122	-8.015267	4.331203
0.990723	-0.083984	-0.397461	-14.175573	-1.557252	-10.946565	4.341544
0.996826	-0.052002	-0.395752	-9.862595	-3.091603	-11.450382	4.351745
1.004639	-0.046631	-0.386963	-9.152672	-4.916031	-9.282443	4.362210
0.994629	-0.031006	-0.376709	-7.900763	-4.007634	-7.297710	4.372475
1.001465	-0.024170	-0.357178	-3.068702	-3.122137	-5.687023	4.382587
1.018555	0.008057	-0.350342	3.770992	-5.335878	-4.274809	4.393079
1.024902	0.032959	-0.344482	10.328244	-7.870229	-3.816794	4.403211
1.041504	0.005615	-0.303955	16.213740	-19.328244	-5.061069	4.413379
1.100342	0.100342	-0.305908	-2.496183	-28.022901	3.458015	4.423711
1.160156	0.012451	-0.269531	-22.648855	-2.145038	9.496183	4.433913
1.122314	-0.063477	-0.292236	-17.603053	7.435115	6.297710	4.444421
1.038086	-0.116699	-0.272217	-12.816794	16.099237	7.000000	4.454786
0.930664	-0.180176	-0.463135	-13.244275	25.374046	8.709924	4.465037
0.859375	-0.182617	-0.469238	-17.694656	35.053435	7.145038	4.475237
0.883545	-0.142334	-0.505371	-30.244275	31.106870	3.923664	4.485334
1.059082	-0.079102	-0.436768	-23.045802	15.099237	-0.770992	4.496103
1.220459	0.027344	-0.400635	-13.580153	-5.236641	-6.290076	4.506625
1.224609	0.177734	-0.369873	-33.633588	2.396947	-3.893130	4.517049
0.995605	0.212646	-0.196533	-55.389313	35.061069	3.755725	4.527392
0.724121	0.308350	-0.214111	-66.274809	69.893130	-0.091603	4.537792
0.549072	0.162109	-0.297852	-82.175573	89.770992	12.725191	4.548031
0.555176	-0.061279	-0.344727	-68.541985	87.618321	15.366412	4.558319
0.750000	-0.130859	-0.411621	-46.007634	60.015267	13.702290	4.568891
0.974121	-0.103516	-0.485107	-35.557252	24.435115	10.732824	4.579128
1.164307	-0.067627	-0.501953	-49.419847	-7.893130	15.809160	4.589829
1.341309	-0.072510	-0.541016	-59.038168	-24.305344	10.603053	4.600508
1.345947	-0.088379	-0.514648	-65.816794	-20.832061	7.847328	4.610567
1.232666	-0.099609	-0.414062	-61.106870	4.870229	2.114504	4.620429
1.093994	-0.114746	-0.321289	-38.603053	35.519084	-6.419847	4.629964
0.931152	-0.069580	-0.188232	0.969466	65.519084	-19.877863	4.640771
0.773682	0.035156	-0.166504	6.770992	74.305344	-19.213740	4.650878
0.730957	0.079346	-0.162842	-11.122137	75.977099	-8.572519	4.660697
0.778564	0.067871	-0.196045	-22.221374	51.496183	0.419847	4.671097
0.877930	0.020020	-0.263184	-29.167939	10.587786	6.351145	4.681396
1.028320	-0.031006	-0.338379	-41.511450	-22.969466	12.740458	4.691411
1.129395	-0.104980	-0.390381	-47.312977	-38.091603	14.984733	4.700867
1.172607	-0.173828	-0.369629	-39.335878	-40.145038	9.992366	4.710133
1.193115	-0.213867	-0.349854	-28.450382	-30.541985	2.549618	4.720337
1.157715	-0.203125	-0.313232	-10.580153	-14.473282	-6.671756	4.730896
1.103760	-0.183350	-0.257812	15.549618	0.839695	-18.854962	4.740844
1.045898	-0.081055	-0.273682	21.038168	14.427481	-21.076336	4.751019
0.987549	-0.043945	-0.259277	14.580153	24.458015	-17.022901	4.761282
0.961182	-0.004883	-0.263916	17.938931	23.648855	-18.183206	4.771356
0.950928	-0.065186	-0.293213	42.847328	-9.625954	-32.595420	4.781924
0.951416	0.093750	-0.303467	6.190840	-26.954198	-13.351145	4.792090
1.031250	0.075928	-0.329834	-13.732824	5.450382	-14.312977	4.802395
0.989258	0.141357	-0.304443	-33.801527	28.809160	-7.152672	4.812712
0.993164	0.019043	-0.306152	-19.755725	23.358779	-2.938931	4.823127
1.028809	0.061523	-0.279541	27.534351	8.183206	-18.114504	4.833401
1.043945	0.134521	-0.332031	17.519084	2.496183	-6.908397	4.843654
1.046875	0.076172	-0.328857	-5.450382	10.595420	-4.183206	4.854153
1.062256	0.063232	-0.320557	-25.732824	14.977099	0.763359	4.864154
1.047119	0.025391	-0.312256	-35.290076	14.137405	4.244275	4.874499
1.028320	-0.003662	-0.260986	-23.404580	15.450382	-1.732824	4.884955
1.011719	0.009521	-0.254150	-10.732824	14.366412	-4.709924	4.895215
0.999756	0.026611	-0.217041	-4.618321	13.656489	-6.389313	4.905547
1.001221	0.058838	-0.177490	-3.358779	10.358779	-3.488550	4.915749
1.018555	0.038574	-0.193359	-7.633588	10.312977	-0.229008	4.926069
1.012695	0.022461	-0.214600	-12.206107	12.274809	2.290076	4.936708
1.019043	-0.008789	-0.210449	-15.351145	10.824427	4.488550	4.946541
1.058105	-0.048096	-0.215576	-13.061069	3.877863	6.251908	4.956949
1.092041	-0.075195	-0.232666	-4.167939	-3.419847	2.725191	4.967359
1.122314	-0.040527	-0.247559	-18.045802	-6.419847	7.587786	4.980543
1.096191	-0.074951	-0.296387	-14.526718	-4.770992	1.030534	4.990777
1.082520	-0.107910	-0.309570	-5.152672	1.671756	-9.206107	5.001131
1.039307	-0.036133	-0.343262	5.061069	5.282443	-17.083969	5.011300
0.952148	0.089600	-0.359375	2.480916	9.633588	-14.740458	5.021414
0.985107	0.079102	-0.407715	-0.091603	9.099237	-9.687023	5.031907
0.962158	0.130371	-0.410400	11.671756	7.618321	-12.519084	5.042200
0.920166	0.163086	-0.427734	-10.717557	11.557252	0.656489	5.052290
0.937988	0.081299	-0.421387	-41.335878	22.641221	9.473282	5.062603
0.935303	-0.021729	-0.383545	-56.877863	30.236641	12.664122	5.072682
0.933350	-0.083252	-0.325928	-51.816794	27.267176	11.687023	5.083075
0.920654	-0.087402	-0.181641	-25.557252	20.839695	3.419847	5.093328
0.917725	-0.021729	-0.147705	1.755725	11.259542	-3.427481	5.103667
0.994629	0.107422	-0.168213	-1.839695	3.007634	3.381679	5.114138
1.131104	0.101318	-0.196289	-19.641221	-7.534351	14.679389	5.124809
1.190674	0.060059	-0.281006	-30.213740	-18.557252	17.106870	5.135761
1.195068	-0.050537	-0.324707	-48.679389	-19.778626	23.091603	5.146091
1.170898	-0.218506	-0.403076	-46.519084	-20.480916	16.740458	5.156086
1.106445	-0.290771	-0.317627	-20.778626	-18.854962	1.480916	5.166082
1.049561	-0.218750	-0.244873	5.389313	-14.305344	-12.381679	5.176305
1.047363	-0.142822	-0.180176	10.297710	-10.938931	-16.694656	5.187015
1.003174	-0.146729	-0.133789	10.351145	-6.648855	-20.312977	5.197572
0.930664	-0.189209	-0.184082	13.167939	-10.450382	-25.137405	5.207890
0.844238	-0.256836	-0.234131	18.114504	-17.885496	-22.694656	5.218461
0.819092	-0.332275	-0.236816	35.679389	-13.633588	-19.282443	5.228968
0.865723	-0.107422	-0.297852	71.282443	-20.076336	-41.274809	5.239920
0.913574	0.009033	-0.254639	48.496183	-25.709924	-22.702290	5.249813
0.941895	-0.025391	-0.305908	56.229008	-25.816794	-28.564885	5.259264
0.913086	0.058838	-0.348877	73.549618	-25.534351	-36.564885	5.269669
0.873535	0.120850	-0.349365	74.770992	-36.824427	-40.473282	5.280055
0.940186	0.212891	-0.441650	28.366412	-29.267176	-27.190840	5.290313
0.972412	0.059082	-0.392090	24.603053	-6.992366	-35.557252	5.300592
0.976074	0.109375	-0.404785	30.274809	-5.992366	-38.992366	5.311012
0.957520	0.113037	-0.372803	26.717557	-14.832061	-35.793893	5.321217
0.986572	0.169922	-0.388184	22.099237	-15.083969	-32.877863	5.331608
1.000244	0.179443	-0.326172	6.335878	-15.458015	-24.435115	5.342208
0.996826	0.152588	-0.350830	0.625954	-22.778626	-24.793893	5.352472
0.963135	0.131104	-0.310791	-16.320611	-20.954198	-19.832061	5.362581
1.008057	0.057373	-0.305420	-24.229008	-21.725191	-17.091603	5.372850
1.006104	0.060547	-0.310059	-15.587786	-22.183206	-22.862595	5.383414
0.985840	0.073730	-0.251953	-24.366412	-22.572519	-17.656489	5.393573
1.012939	0.022705	-0.296387	-39.335878	-23.190840	-12.412214	5.403732
1.073975	-0.049316	-0.301025	-35.511450	-18.038168	-18.809160	5.413895
1.005615	-0.054932	-0.313965	-20.725191	-15.251908	-13.290076	5.424048
0.980225	-0.009033	-0.364746	-16.923664	-11.664122	-8.801527	5.434468
0.999756	-0.031250	-0.401123	-3.267176	-12.427481	-14.618321	5.444756
0.971436	-0.012695	-0.420166	-5.534351	-8.091603	-11.396947	5.455100
0.986328	-0.054199	-0.401611	-15.099237	-4.725191	-15.083969	5.465313
0.927246	-0.046631	-0.354004	-23.343511	-11.335878	-13.580153	5.475542
0.926514	-0.099854	-0.385498	-21.305344	-18.984733	-11.389313	5.486002
0.900879	-0.006592	-0.344238	-23.465649	-24.870229	-13.664122	5.496415
0.960938	-0.079590	-0.363281	-13.549618	-25.732824	-21.816794	5.506343
0.884033	-0.036133	-0.298096	-11.541985	-22.175573	-8.961832	5.516619
0.864746	0.138184	-0.314697	-29.587786	-26.267176	-9.000000	5.526782
0.869385	0.219727	-0.349121	-35.824427	-32.198473	5.862595	5.537148
0.843506	0.176514	-0.288574	-20.358779	-40.450382	-6.816794	5.547644
0.802246	0.237793	-0.306641	-10.343511	-51.206107	-11.053435	5.558042
1.017090	0.361572	-0.288818	-50.160305	-56.587786	43.786260	5.568252
1.091064	0.170166	-0.318115	-34.167939	-59.305344	40.076336	5.578220
1.022217	0.291260	-0.291504	-5.587786	-61.694656	42.625954	5.588695
1.130371	0.248779	-0.302002	-33.244275	-64.778626	69.091603	5.599041
1.176758	-0.009521	-0.411133	-30.083969	-83.244275	58.809160	5.609128
1.066650	0.011963	-0.391357	-71.198473	-66.938931	89.229008	5.619619
1.097168	-0.158203	-0.520020	-29.977099	-31.450382	62.564885	5.629840
1.076416	-0.198242	-0.471436	14.786260	-42.687023	41.656489	5.640026
1.025635	-0.189697	-0.463135	3.114504	-45.832061	41.946565	5.650573
0.957275	-0.251465	-0.375244	3.671756	-69.183206	5.259542	5.660794
0.850830	-0.191895	-0.351318	-13.175573	-100.000000	14.000000	5.670970
0.864014	-0.215576	-0.352295	-6.236641	-108.450382	6.549618	5.681397
0.892578	-0.091797	-0.397461	8.633588	-89.099237	-14.862595	5.691669
0.736816	0.108643	-0.403564	22.251908	-85.267176	-27.160305	5.701969
0.737061	0.170898	-0.569580	11.129771	-83.358779	-2.083969	5.711956
0.758789	0.209717	-0.605713	7.076336	-74.099237	11.816794	5.722021
0.823242	0.184570	-0.628418	5.328244	-50.061069	19.320611	5.732697
0.822510	0.155518	-0.672607	-4.351145	-31.114504	28.015267	5.745084
0.409180	-0.508789	-0.728271	6.564885	-21.167939	-87.160305	5.757252
0.921875	0.001221	-0.541992	-32.694656	-12.908397	29.221374	5.768854
0.817871	-0.129639	-1.390869	-14.091603	-53.389313	8.854962	5.781008
0.170654	-0.474609	0.018311	-117.770992	-129.106870	63.435115	5.792556
0.610107	0.277100	-0.437256	-185.083969	-70.022901	28.519084	5.804875
0.809082	-0.594482	-0.855225	-86.503817	-37.671756	-36.106870	5.816555
1.024658	-0.123535	-0.726807	-13.442748	-8.946565	4.190840	5.828558
0.738770	0.010742	-0.710693	-75.427481	11.450382	7.000000	5.840552
0.711182	0.120361	-0.641602	-121.916031	-54.519084	-10.770992	5.852699
0.814941	0.178223	-0.652588	-173.603053	-69.679389	-2.351145	5.864682
1.092529	-0.278809	-0.732666	-132.847328	-40.854962	-0.580153	5.876610
1.250244	-0.152344	-0.733398	-60.259542	-44.954198	-6.778626	5.888254
1.221680	0.026855	-0.541016	-82.709924	-8.908397	8.129771	5.899764
0.961914	0.720459	-0.110107	-31.534351	28.725191	17.366412	5.911540
0.750977	0.583496	0.033936	-35.908397	75.557252	57.381679	5.923579
0.595703	0.220459	-0.255859	25.480916	3.068702	22.160305	5.935476
0.848145	0.229980	-0.626953	33.297710	28.755725	10.580153	5.947144
1.307129	0.445068	-0.781006	56.290076	26.458015	-13.122137	5.959859
1.369629	0.408203	-0.786865	72.770992	-8.297710	-15.129771	5.971513
1.186279	0.352783	-0.771729	-36.900763	-26.732824	27.954198	5.983360
1.087891	0.186523	-0.754883	-111.610687	-13.229008	19.748092	5.995090
1.010010	0.159180	-0.548828	-178.167939	-29.190840	8.641221	6.007210
1.128662	0.230225	-0.639404	-146.633588	-25.099237	17.137405	6.018826
1.215332	0.238525	-0.625488	-56.099237	45.450382	-2.618321	6.030866
1.255615	0.369873	-0.650391	-21.290076	47.435115	10.213740	6.042614
1.365967	0.417236	-0.454834	8.083969	30.259542	5.877863	6.054550
1.015625	0.489990	-0.515625	38.633588	-3.206107	4.412214	6.066579
1.043701	0.520752	-0.678223	51.526718	-5.664122	2.488550	6.077885
0.993408	0.562256	-0.648193	26.984733	-2.335878	9.908397	6.089889
0.947021	0.394043	-0.612793	15.083969	-9.977099	16.694656	6.101910
0.943359	0.307617	-0.462646	21.320611	-2.946565	20.167939	6.113771
0.986816	0.173584	-0.514160	6.618321	-27.076336	20.374046	6.125423
1.055908	0.179199	-0.475586	-3.122137	-3.190840	29.106870	6.137232
1.100586	0.237549	-0.573486	11.351145	1.633588	20.358779	6.148842
1.049316	0.231445	-0.590820	17.488550	4.847328	18.145038	6.161086
0.962158	0.291992	-0.574951	32.114504	7.030534	10.503817	6.172959
0.840332	0.245361	-0.536621	33.473282	13.977099	7.534351	6.183919
0.776123	0.234375	-0.505371	34.648855	4.335878	5.274809	6.195492
0.800049	0.106201	-0.523438	28.396947	-2.557252	7.137405	6.207809
0.758545	0.182129	-0.533447	23.213740	-15.442748	6.412214	6.219535
0.826416	0.236084	-0.474609	-16.625954	-13.022901	21.824427	6.231310
0.861084	0.148193	-0.528809	-38.106870	-3.167939	31.854962	6.242955
0.866699	0.126953	-0.483154	-34.152672	8.641221	35.206107	6.255029
0.861084	0.091064	-0.466797	-23.763359	21.198473	35.854962	6.266912
0.833008	0.052246	-0.381836	-3.419847	24.648855	31.786260	6.278722
0.826660	0.071533	-0.315674	20.328244	26.335878	23.641221	6.290645
0.817383	0.140625	-0.353516	22.366412	37.770992	26.076336	6.302630
0.759033	0.026855	-0.311279	42.816794	26.938931	18.809160	6.314462
0.699219	0.081787	-0.393066	58.083969	16.396947	13.526718	6.326053
0.578857	0.129395	-0.636475	11.366412	-12.061069	28.427481	6.337778
0.708252	0.053223	-1.306641	-56.190840	37.961832	48.908397	6.350010
0.966064	-0.321045	-0.972656	-45.755725	-8.290076	45.625954	6.362003
0.946777	0.018066	-0.971680	-18.320611	-27.778626	29.946565	6.373720
1.066650	-0.187988	-1.086182	-95.618321	2.122137	41.297710	6.385382
0.988770	-0.392090	-0.747803	-111.221374	17.702290	5.114504	6.397078
0.875244	-0.247559	-0.675781	-78.152672	44.633588	-25.946565	6.408305
0.862793	0.137451	-0.700195	4.221374	46.603053	-41.648855	6.420492
0.886719	0.235107	-0.593018	64.480916	66.282443	-33.770992	6.432133
0.840332	0.361328	-0.514893	106.022901	81.793893	-23.427481	6.444012
0.821533	0.352783	-0.578857	60.099237	57.183206	1.374046	6.456573
0.805908	0.300049	-0.599854	35.694656	34.557252	8.038168	6.468557
0.843750	0.311279	-0.621826	12.587786	29.679389	15.587786	6.480523
0.927490	0.229248	-0.638916	9.824427	21.343511	23.427481	6.492292
0.964355	0.208008	-0.698975	4.114504	17.206107	30.992366	6.504254
1.007324	0.073486	-0.726807	6.305344	17.793893	26.870229	6.516075
1.005371	0.027344	-0.708252	7.625954	16.740458	23.786260	6.527711
0.963135	-0.013428	-0.680664	16.916031	24.610687	19.022901	6.539139
0.873535	0.001465	-0.639404	6.167939	24.496183	21.610687	6.551033
0.849854	-0.035889	-0.596436	13.206107	9.603053	13.923664	6.563178
0.846924	-0.024902	-0.566895	4.580153	4.480916	12.206107	6.575512
0.881836	-0.097168	-0.583496	-1.389313	-9.068702	6.435115	6.587043
0.862793	-0.118896	-0.577637	-6.610687	-24.893130	4.984733	6.599091
0.819824	-0.130127	-0.645020	-4.038168	-30.114504	3.870229	6.611843
0.834473	-0.048340	-0.635498	7.175573	-20.190840	-3.595420	6.623670
0.827881	0.005127	-0.619141	18.618321	-15.045802	-6.633588	6.635140
0.824463	0.142090	-0.581299	31.038168	-8.229008	-4.755725	6.646695
0.848389	0.167480	-0.561035	39.946565	5.877863	1.503817	6.658793
0.812744	0.214600	-0.541748	44.511450	18.427481	7.435115	6.670793
0.776123	0.186279	-0.560303	47.641221	18.404580	15.335878	6.682541
0.783691	0.103516	-0.516113	53.083969	16.381679	25.374046	6.694073
0.803467	0.028809	-0.502930	35.648855	8.106870	28.282443	6.705983
0.853027	-0.079102	-0.640869	29.297710	2.801527	22.381679	6.716874
0.883789	-0.126465	-0.670898	15.427481	0.778626	23.038168	6.729164
0.951904	-0.216797	-0.709229	21.320611	-10.496183	15.366412	6.740928
0.983643	-0.131104	-0.710693	8.732824	-14.183206	13.030534	6.753193
0.994385	-0.136230	-0.749756	13.305344	-3.557252	5.000000	6.764731
0.910400	-0.107422	-0.680908	13.755725	10.274809	3.801527	6.776827
0.900146	-0.059082	-0.712646	38.374046	13.717557	-7.343511	6.788738
0.843018	-0.047607	-0.609619	38.129771	25.343511	-1.083969	6.800170
0.810059	0.028564	-0.647217	56.679389	26.129771	-5.671756	6.812174
0.804688	0.029297	-0.606689	45.145038	18.938931	0.847328	6.823695
0.766113	0.007812	-0.583252	36.351145	4.244275	7.473282	6.835347
0.773682	-0.028809	-0.655273	27.893130	-10.534351	10.992366	6.847234
0.788574	-0.029297	-0.719482	17.152672	-25.610687	13.152672	6.859100
0.880859	-0.096924	-0.650146	19.030534	-27.625954	12.458015	6.870948
0.911377	-0.166504	-0.691406	19.312977	-17.610687	13.343511	6.883047
0.884766	-0.197266	-0.723145	30.839695	0.748092	9.740458	6.894533
0.811523	-0.313721	-0.824463	56.175573	-3.404580	-7.343511	6.907049
0.805420	-0.108887	-0.656006	38.908397	-2.900763	0.977099	6.918936
0.805420	-0.205566	-0.649658	39.335878	-0.694656	8.984733	6.930795
0.833496	-0.145508	-0.693359	61.625954	20.824427	-5.671756	6.942523
0.770752	-0.137939	-0.688232	60.374046	39.122137	-5.145038	6.954707
0.755127	-0.134766	-0.663818	69.732824	24.267176	-7.656489	6.966389
0.798340	-0.115479	-0.696045	58.694656	5.091603	-6.824427	6.981111
0.828125	-0.092529	-0.733398	56.297710	7.015267	-5.847328	6.992927
0.812012	-0.082275	-0.749512	50.603053	3.068702	-5.366412	7.004673
0.793457	-0.126953	-0.745361	57.053435	3.022901	-8.328244	7.015807
0.794434	-0.209961	-0.745850	57.229008	5.549618	-7.083969	7.027052
0.814453	-0.311279	-0.744385	61.244275	9.694656	-13.839695	7.039281
0.937988	-0.329834	-0.601807	58.328244	-5.709924	-15.664122	7.051563
0.944092	-0.316162	-0.450439	54.496183	-17.740458	-21.007634	7.063307
0.916748	-0.255371	-0.345947	49.541985	-19.236641	-20.083969	7.074610
0.846191	-0.225342	-0.365967	46.564885	-10.312977	-20.824427	7.085473
0.790527	-0.231934	-0.279541	49.442748	-0.641221	-20.229008	7.096001
0.776855	-0.229492	-0.266357	46.832061	-2.519084	-16.061069	7.106682
0.843750	-0.235352	-0.352783	51.557252	-24.366412	-12.419847	7.119081
0.989502	-0.195557	-0.437744	42.801527	-53.213740	-14.007634	7.131347
1.111572	-0.215820	-0.536133	17.656489	-62.190840	-15.305344	7.142862
1.114990	-0.141602	-0.497314	-1.946565	-62.076336	-22.000000	7.155505
