0.975342	-0.033936	0.260742	-3.183206	1.335878	-1.549618	0.008513
0.965332	-0.023682	0.287598	-1.725191	2.282443	-0.564885	0.018927
0.953613	-0.021484	0.299316	-0.885496	1.618321	0.251908	0.029365
0.962158	-0.018066	0.312256	-1.106870	0.358779	0.832061	0.039778
0.967041	-0.017334	0.323486	-1.305344	-0.435115	1.160305	0.049915
0.967529	-0.028076	0.326172	-1.816794	-1.618321	1.755725	0.059896
0.968018	-0.035645	0.329102	-2.305344	-2.358779	1.603053	0.070048
0.978760	-0.044922	0.318604	-2.938931	-2.900763	1.984733	0.080043
0.981689	-0.061279	0.298828	-2.549618	-3.206107	1.931298	0.090075
0.996338	-0.070312	0.290039	-1.687023	-2.839695	1.763359	0.100042
0.993164	-0.075684	0.260254	-0.587786	-1.969466	1.320611	0.110109
1.001221	-0.077148	0.244629	0.770992	-0.885496	1.236641	0.120224
1.001953	-0.069336	0.243896	2.198473	0.541985	1.106870	0.130220
0.991211	-0.053955	0.234131	3.732824	2.335878	0.908397	0.140241
0.971680	-0.031250	0.247314	5.335878	4.083969	1.106870	0.150246
0.952637	-0.019043	0.253662	5.656489	5.015267	0.801527	0.160208
0.944824	-0.002686	0.264404	5.946565	5.778626	0.809160	0.170258
0.936035	0.007568	0.272461	5.435115	5.816794	0.992366	0.180266
0.930176	0.012451	0.276123	4.358779	5.679389	0.770992	0.190309
0.921631	0.019775	0.280518	2.244275	4.351145	1.053435	0.200302
0.920654	0.024170	0.272461	-0.351145	3.679389	0.709924	0.210296
0.922363	0.025391	0.268311	-2.580153	3.053435	0.320611	0.222653
0.920166	0.011475	0.280273	-3.496183	2.022901	-1.954198	0.234409
0.929932	-0.007568	0.282959	-4.190840	0.404580	0.419847	0.246158
0.936035	-0.036133	0.271729	-4.625954	-0.625954	0.488550	0.258087
0.947998	-0.065186	0.259766	-4.145038	-0.396947	-0.015267	0.270155
0.949951	-0.076416	0.246582	-2.137405	-1.099237	0.305344	0.281837
0.962402	-0.072510	0.240479	-1.946565	-0.717557	0.702290	0.293887
0.961426	-0.052002	0.254395	2.236641	0.541985	1.366412	0.305451
0.965576	-0.025635	0.257568	3.702290	0.809160	1.793893	0.317615
0.955322	-0.000244	0.280518	4.343511	1.335878	2.167939	0.329383
0.956543	0.016602	0.287354	3.190840	0.022901	2.282443	0.340743
0.947266	0.016357	0.302002	0.618321	-2.557252	2.885496	0.352865
0.954590	0.010742	0.290771	-2.702290	-4.389313	3.236641	0.364689
0.967041	-0.014160	0.290283	-4.893130	-5.335878	3.282443	0.376594
0.970947	-0.035156	0.279541	-5.473282	-5.809160	2.893130	0.388053
0.970215	-0.048828	0.262695	-5.709924	-5.763359	2.061069	0.399965
0.997314	-0.065674	0.250488	-4.595420	-5.229008	1.251908	0.412103
0.985596	-0.071045	0.237305	-2.076336	-3.282443	-0.022901	0.423965
0.976318	-0.054688	0.237549	0.526718	-1.297710	-0.984733	0.435634
0.978271	-0.025879	0.233398	2.625954	-0.458015	-1.610687	0.447505
0.970215	-0.004150	0.246338	3.412214	0.427481	-1.755725	0.459631
0.971436	0.013916	0.240479	3.122137	0.610687	-1.282443	0.471384
0.961914	0.033936	0.254150	1.664122	0.641221	-1.351145	0.483194
0.962891	0.040527	0.253662	-0.450382	0.236641	-1.274809	0.494202
0.964600	0.037842	0.261719	-2.473282	-0.297710	-1.251908	0.505409
0.974121	0.031006	0.254395	-5.175573	-0.564885	-1.198473	0.517890
0.987061	0.019775	0.253906	-6.801527	-0.381679	-0.870229	0.529856
0.991943	-0.000732	0.246338	-8.030534	0.038168	-0.458015	0.541591
0.987061	-0.011475	0.257812	-8.801527	0.305344	-0.137405	0.553478
0.971436	-0.025879	0.254150	-8.984733	0.374046	0.580153	0.565579
0.988525	-0.028564	0.244873	-8.610687	0.503817	1.480916	0.577413
0.996338	-0.028076	0.250000	-8.458015	0.610687	2.022901	0.588783
0.992676	-0.022949	0.252441	-7.763359	1.175573	2.885496	0.600792
0.986572	-0.022217	0.251221	-7.572519	1.450382	3.412214	0.613164
0.981445	-0.029541	0.252441	-7.541985	1.427481	4.206107	0.624832
0.964600	-0.046143	0.266846	-7.832061	1.725191	4.793893	0.636667
0.952393	-0.058105	0.278320	-7.404580	1.091603	5.351145	0.648199
0.947510	-0.083008	0.282715	-6.442748	0.312977	5.618321	0.660466
0.963623	-0.095215	0.275146	-4.175573	-0.274809	6.076336	0.672086
0.958008	-0.078857	0.259033	-2.366412	0.267176	4.946565	0.684081
0.967529	-0.073242	0.258545	-0.984733	0.389313	4.961832	0.695569
0.974121	-0.070312	0.233643	1.992366	1.351145	4.824427	0.707618
0.981689	-0.061768	0.255371	4.045802	2.648855	4.106870	0.720310
0.999756	-0.050293	0.255371	6.274809	4.473282	4.343511	0.732022
0.969482	-0.035645	0.275635	7.236641	6.389313	4.908397	0.744270
0.960449	-0.013184	0.285889	7.244275	6.312977	5.259542	0.756066
0.944824	-0.005615	0.295410	6.541985	5.381679	5.717557	0.767363
0.925293	-0.000977	0.297607	4.534351	3.885496	5.641221	0.777840
0.949707	-0.009766	0.294922	2.305344	2.076336	5.664122	0.789156
0.961426	-0.022217	0.276611	-0.389313	1.076336	5.312977	0.800913
0.980225	-0.044678	0.266113	-1.129771	1.488550	4.870229	0.812969
0.992188	-0.050293	0.260010	-0.854962	2.656489	4.549618	0.824692
0.981934	-0.056396	0.257324	-0.091603	4.229008	4.496183	0.836484
0.981689	-0.056396	0.249512	1.221374	5.007634	4.603053	0.848177
0.972656	-0.045898	0.244629	2.053435	5.969466	4.580153	0.860031
0.961914	-0.024902	0.260498	2.007634	6.091603	4.694656	0.871521
0.957031	-0.012207	0.275146	1.236641	5.816794	4.702290	0.883574
0.965088	-0.011230	0.292236	-0.236641	5.053435	4.854962	0.895281
0.957764	-0.014893	0.291992	-1.954198	4.244275	5.213740	0.907169
0.959717	-0.020020	0.276855	-3.641221	2.541985	5.320611	0.919012
0.973389	-0.031250	0.273926	-4.832061	2.312977	5.022901	0.930994
0.976318	-0.046387	0.261475	-4.870229	2.335878	4.343511	0.942966
0.979736	-0.045410	0.262451	-3.480916	2.351145	4.603053	0.954457
0.989990	-0.058594	0.286377	-2.381679	2.022901	4.854962	0.966768
0.986084	-0.048340	0.293945	-1.465649	2.839695	5.603053	0.981331
0.971436	-0.055176	0.292969	-0.893130	3.458015	6.229008	0.993185
0.967041	-0.053955	0.290527	-0.725191	3.305344	6.519084	1.005366
0.959717	-0.049805	0.289307	-1.000000	2.801527	6.030534	1.017384
0.966553	-0.043213	0.295166	-1.511450	2.572519	5.129771	1.029103
0.959717	-0.047363	0.284180	-2.320611	3.351145	4.244275	1.041368
0.962646	-0.045898	0.298096	-2.290076	4.229008	3.633588	1.053139
0.954834	-0.049805	0.298340	-1.603053	4.526718	3.282443	1.065203
0.950439	-0.057373	0.283447	-0.938931	4.923664	3.412214	1.076644
0.939941	-0.070557	0.286621	-0.206107	4.687023	4.335878	1.088769
0.938477	-0.079346	0.291992	0.526718	4.374046	5.213740	1.100122
0.945312	-0.085693	0.297852	1.648855	4.190840	5.916031	1.112546
0.945557	-0.078613	0.287842	2.526718	3.931298	6.236641	1.124247
0.948730	-0.057129	0.272949	2.977099	4.091603	5.412214	1.135878
0.968262	-0.040283	0.272217	2.916031	5.595420	5.053435	1.147707
0.964355	-0.035889	0.283447	2.786260	7.786260	4.328244	1.159174
0.952881	-0.022705	0.304932	2.083969	7.687023	4.213740	1.171665
0.955566	-0.015869	0.315430	-0.648855	7.610687	3.839695	1.183405
0.947266	-0.032715	0.329590	-2.427481	8.519084	4.282443	1.194188
0.936279	-0.039062	0.324951	-4.374046	6.145038	4.519084	1.204064
0.944092	-0.051270	0.326172	-5.625954	5.099237	4.381679	1.214856
0.951660	-0.051758	0.325684	-5.175573	4.068702	5.038168	1.224934
0.942383	-0.057373	0.309326	-3.137405	3.732824	5.862595	1.235071
0.949463	-0.066406	0.291748	-2.587786	4.122137	5.282443	1.245734
0.947021	-0.086426	0.264893	-1.190840	5.122137	4.801527	1.255941
0.936035	-0.100342	0.255127	-1.244275	7.251908	4.320611	1.266335
0.921387	-0.093750	0.262207	-1.167939	6.687023	3.458015	1.276741
0.918945	-0.082520	0.258789	-0.801527	5.625954	2.549618	1.286853
0.924316	-0.060791	0.264160	-0.511450	4.877863	1.870229	1.297349
0.926758	-0.054932	0.280029	-0.709924	4.343511	1.465649	1.307222
0.925293	-0.058105	0.301758	-0.603053	4.221374	1.519084	1.318016
0.918457	-0.044922	0.310791	-1.664122	2.992366	1.709924	1.328295
0.923584	-0.047363	0.316162	-3.351145	2.145038	1.893130	1.338575
0.917236	-0.057129	0.319092	-5.381679	0.580153	1.862595	1.348994
0.916260	-0.051025	0.310303	-7.541985	-0.793893	1.091603	1.359583
0.928467	-0.063232	0.291992	-8.274809	-1.480916	0.549618	1.369886
0.946045	-0.055176	0.276367	-8.763359	-1.793893	0.198473	1.380279
0.958008	-0.063232	0.262939	-8.213740	-1.740458	-0.274809	1.391217
0.972168	-0.064453	0.280518	-7.229008	-1.770992	-0.198473	1.401779
0.967041	-0.054443	0.303711	-6.557252	-1.076336	0.106870	1.411467
0.956787	-0.065674	0.302979	-6.595420	-0.083969	0.824427	1.422230
0.959473	-0.056641	0.318359	-8.374046	-0.519084	1.862595	1.432652
0.961426	-0.058594	0.305908	-10.526718	-2.038168	2.519084	1.443170
0.972168	-0.063721	0.312256	-12.351145	-3.053435	2.755725	1.453627
0.984619	-0.072998	0.322510	-13.000000	-3.335878	2.839695	1.463902
0.981445	-0.080322	0.302734	-12.946565	-2.519084	2.908397	1.474454
0.997559	-0.089844	0.288574	-12.335878	-1.274809	2.687023	1.484585
1.002441	-0.094971	0.309570	-10.404580	1.022901	2.770992	1.494795
0.990967	-0.103271	0.322510	-6.603053	2.351145	3.152672	1.504991
0.978027	-0.098145	0.322021	-4.572519	3.603053	4.114504	1.515456
0.968018	-0.094971	0.312744	-2.717557	3.564885	4.656489	1.525883
0.959473	-0.092773	0.315430	-2.419847	3.114504	5.748092	1.536081
0.968750	-0.100098	0.309326	-1.793893	3.709924	6.106870	1.546001
0.973633	-0.093994	0.292236	-2.297710	4.374046	6.465649	1.556625
0.961670	-0.110840	0.283447	-1.923664	5.145038	6.709924	1.566968
0.950684	-0.094727	0.276855	-1.816794	6.160305	6.343511	1.577226
0.939941	-0.094727	0.276611	-2.076336	7.251908	6.221374	1.587387
0.924805	-0.092285	0.282959	-0.610687	6.709924	5.038168	1.597494
0.924561	-0.077637	0.279053	0.480916	6.412214	3.961832	1.607657
0.923340	-0.058350	0.300537	0.015267	5.908397	2.305344	1.618184
0.905029	-0.031250	0.301758	-1.106870	4.137405	1.572519	1.628738
0.913330	-0.032715	0.318848	-3.832061	5.076336	0.320611	1.638754
0.913818	-0.030273	0.317139	-6.297710	3.068702	0.870229	1.649364
0.904053	-0.030762	0.322754	-9.152672	-1.381679	0.687023	1.659643
0.919189	-0.040771	0.314453	-13.015267	0.381679	-0.992366	1.669573
0.908203	-0.065918	0.283691	-14.793893	0.236641	-0.984733	1.680137
0.901367	-0.072998	0.262451	-15.671756	-0.374046	-1.442748	1.690200
0.922363	-0.072998	0.262451	-15.290076	0.229008	-3.061069	1.700472
0.921143	-0.068848	0.274414	-13.068702	0.549618	-3.900763	1.710828
0.923340	-0.067871	0.302979	-11.709924	0.625954	-4.213740	1.721020
0.918945	-0.083740	0.322754	-11.435115	-0.687023	-4.015267	1.730959
0.911377	-0.079102	0.317627	-12.664122	-2.969466	-2.648855	1.741122
0.922363	-0.091553	0.319824	-14.068702	-4.190840	-2.778626	1.751274
0.931885	-0.112305	0.303467	-15.488550	-6.625954	-2.145038	1.761603
0.951660	-0.117676	0.282715	-15.442748	-8.335878	-2.358779	1.771181
0.977295	-0.138428	0.270264	-14.320611	-9.099237	-1.732824	1.781517
0.988037	-0.157715	0.263916	-13.664122	-7.206107	-0.824427	1.791659
1.005371	-0.184326	0.254883	-5.557252	-6.664122	0.977099	1.801953
1.001709	-0.163086	0.263428	-1.473282	-3.541985	1.137405	1.812273
0.985840	-0.155029	0.278564	3.564885	-2.198473	1.030534	1.822672
0.978516	-0.138672	0.295166	6.854962	-2.358779	1.152672	1.832922
0.974121	-0.109131	0.294189	7.419847	-2.450382	0.793893	1.843225
0.974609	-0.077637	0.299561	7.717557	-1.412214	0.824427	1.853591
0.971924	-0.057129	0.301025	7.534351	-1.572519	1.221374	1.864031
0.970703	-0.042725	0.298340	6.106870	-1.351145	1.198473	1.874447
0.969482	-0.038330	0.288818	4.786260	-1.801527	1.175573	1.884556
0.962402	-0.034912	0.277100	3.175573	-1.870229	0.908397	1.894599
0.950439	-0.038818	0.280273	1.603053	-2.374046	0.641221	1.905065
0.959961	-0.044189	0.287598	0.633588	-2.465649	-0.083969	1.915263
0.958008	-0.047363	0.276855	0.030534	-2.099237	-0.923664	1.924703
0.954590	-0.046387	0.277344	0.213740	-1.480916	-1.213740	1.935503
0.943115	-0.047119	0.283936	-0.312977	-1.022901	-1.534351	1.945714
0.936279	-0.041016	0.280518	-0.946565	-0.679389	-1.625954	1.955712
0.936279	-0.046143	0.282227	-1.076336	-1.366412	-1.641221	1.966427
0.943604	-0.044189	0.290039	-0.877863	-2.106870	-0.969466	1.976441
0.942627	-0.051025	0.305176	-0.427481	-2.358779	-0.160305	1.986814
0.962158	-0.056885	0.304443	-0.183206	-2.832061	0.755725	1.996902
0.960205	-0.077637	0.298096	0.236641	-3.221374	1.503817	2.007625
0.954590	-0.069336	0.283936	0.587786	-2.702290	2.328244	2.018159
0.958252	-0.083740	0.288818	0.534351	-3.259542	2.610687	2.028673
0.960693	-0.090576	0.277832	1.725191	-2.977099	2.671756	2.039277
0.970215	-0.102783	0.260742	2.893130	-2.648855	2.503817	2.049306
0.968506	-0.104004	0.258301	3.793893	-2.603053	2.053435	2.059278
0.985596	-0.117188	0.258789	4.519084	-1.809160	1.755725	2.069483
0.991455	-0.111328	0.262207	5.183206	-0.488550	1.442748	2.080022
0.989014	-0.106445	0.256348	5.671756	0.671756	1.053435	2.090586
0.985107	-0.098877	0.264893	6.595420	1.160305	0.618321	2.100789
0.982178	-0.087402	0.260254	7.007634	1.450382	0.358779	2.111402
0.975586	-0.074463	0.262451	7.206107	1.770992	0.030534	2.121598
0.970215	-0.071289	0.258301	7.541985	2.122137	-0.183206	2.131798
0.960205	-0.059082	0.261475	8.038168	1.610687	0.183206	2.141981
0.953369	-0.051025	0.265137	8.427481	1.282443	0.221374	2.152252
0.947021	-0.050049	0.259766	8.435115	0.854962	0.427481	2.162898
0.928223	-0.043701	0.261230	8.419847	0.374046	0.312977	2.173041
0.931396	-0.045898	0.276367	8.404580	0.427481	0.458015	2.183008
0.931641	-0.028564	0.263428	7.427481	-0.236641	-0.656489	2.193418
0.938232	-0.013184	0.251709	7.137405	-1.206107	-1.328244	2.203618
0.949219	-0.001221	0.251709	6.816794	-1.389313	-2.007634	2.213851
0.950439	0.013428	0.266846	5.526718	-1.595420	-2.870229	2.224089
0.953857	0.020508	0.266113	3.526718	-1.824427	-3.946565	2.234208
0.948486	0.019775	0.266846	0.450382	-4.015267	-4.839695	2.244645
0.962158	0.010986	0.271484	-2.778626	-4.450382	-5.015267	2.254799
0.952881	0.005127	0.269043	-6.633588	-5.770992	-5.702290	2.265180
0.956299	-0.004150	0.253906	-9.648855	-8.045802	-6.198473	2.275353
0.972656	-0.013184	0.258057	-12.580153	-8.679389	-5.854962	2.285341
0.957275	-0.028564	0.241943	-14.755725	-9.595420	-5.969466	2.295290
0.962402	-0.037598	0.244141	-15.664122	-10.480916	-5.030534	2.304539
0.960693	-0.049805	0.236572	-15.946565	-10.931298	-4.671756	2.314856
0.966553	-0.060059	0.233398	-15.839695	-10.969466	-4.351145	2.324898
0.975342	-0.060059	0.225342	-15.786260	-10.770992	-4.236641	2.334273
0.967529	-0.069824	0.223877	-15.419847	-9.900763	-4.847328	2.345120
0.973389	-0.069580	0.236328	-14.503817	-9.992366	-4.900763	2.355199
0.969482	-0.070801	0.234375	-13.137405	-9.167939	-4.709924	2.365632
0.963379	-0.065430	0.234863	-11.427481	-8.282443	-3.977099	2.376104
0.954102	-0.062012	0.226562	-9.580153	-7.862595	-3.114504	2.386008
0.964111	-0.060059	0.236328	-7.580153	-7.114504	-1.816794	2.396505
0.965088	-0.056396	0.229736	-6.106870	-6.297710	-1.442748	2.406671
0.972168	-0.048340	0.232178	-4.442748	-6.076336	-1.007634	2.416980
0.985596	-0.039062	0.237305	-3.801527	-5.290076	-0.671756	2.427069
0.989258	-0.033203	0.233887	-3.343511	-4.496183	-0.786260	2.437555
1.002686	-0.032715	0.252686	-3.442748	-4.167939	-0.213740	2.447798
1.001465	-0.034180	0.263672	-3.877863	-4.091603	0.732824	2.458020
1.006836	-0.032715	0.265381	-4.412214	-1.977099	1.320611	2.468273
1.016846	-0.047119	0.261475	-5.251908	-3.061069	1.557252	2.478932
1.014404	-0.049072	0.247070	-5.656489	-2.488550	1.091603	2.489148
1.014160	-0.063965	0.243164	-5.984733	-0.564885	0.633588	2.498926
1.009277	-0.074951	0.237793	-5.038168	-0.610687	-1.916031	2.508640
1.011230	-0.056152	0.251465	-4.114504	2.557252	0.106870	2.519844
1.003418	-0.055420	0.250488	-2.251908	4.076336	0.656489	2.529816
0.995605	-0.049316	0.256348	-0.664122	4.549618	0.877863	2.540141
0.986816	-0.036865	0.263916	-0.183206	6.091603	0.938931	2.550385
0.981934	-0.024170	0.280518	0.755725	6.793893	1.809160	2.560720
0.956543	-0.013916	0.281494	3.076336	6.671756	6.885496	2.570787
0.935547	-0.008057	0.304199	3.435115	4.213740	10.671756	2.581406
0.932129	-0.020020	0.286133	2.045802	2.053435	13.137405	2.591360
0.942139	-0.035889	0.278320	-0.129771	0.526718	14.938931	2.601653
0.966797	-0.080322	0.262451	-2.190840	-0.351145	14.755725	2.611927
1.004883	-0.102295	0.275879	-1.832061	-0.755725	14.045802	2.622185
1.044434	-0.127441	0.278320	-0.236641	-0.480916	12.267176	2.632385
1.085938	-0.128906	0.255859	3.412214	0.045802	10.290076	2.642833
1.102295	-0.112305	0.227783	5.938931	7.152672	8.145038	2.653071
1.078125	-0.099609	0.243164	9.068702	12.167939	6.282443	2.663887
1.030518	-0.062500	0.256348	10.763359	15.625954	4.725191	2.674098
0.989502	-0.023926	0.266357	12.557252	16.572519	4.244275	2.684878
0.947754	0.004395	0.285156	11.870229	15.045802	4.412214	2.694516
0.927734	0.005127	0.283447	9.404580	12.893130	4.961832	2.703745
0.919678	0.007080	0.285889	4.633588	9.473282	5.633588	2.714423
0.920898	0.000732	0.282959	-0.259542	6.458015	5.671756	2.724898
0.928711	-0.004883	0.270264	-3.755725	3.862595	5.824427	2.734949
0.943604	-0.022705	0.254639	-6.732824	4.083969	4.893130	2.745507
0.936768	-0.049561	0.245361	-7.969466	5.160305	3.709924	2.755851
0.934326	-0.057373	0.229980	-7.221374	7.419847	2.015267	2.765929
0.918945	-0.078125	0.228516	-5.290076	9.580153	0.488550	2.776449
0.903564	-0.091553	0.234863	-2.175573	8.839695	-1.931298	2.786705
0.894531	-0.103760	0.260498	1.007634	10.458015	-1.870229	2.796658
0.880615	-0.103760	0.270020	2.687023	10.175573	-2.374046	2.807114
0.887451	-0.081787	0.277100	2.419847	6.824427	-2.083969	2.817614
0.904297	-0.066162	0.288818	1.587786	5.053435	-1.129771	2.827930
0.923340	-0.031006	0.280029	-0.381679	2.824427	-0.030534	2.838047
0.943604	-0.004150	0.282715	-3.106870	1.297710	0.374046	2.848429
0.958008	-0.000488	0.299805	-5.969466	0.549618	0.687023	2.858515
0.965332	-0.009033	0.291016	-8.351145	-0.236641	0.656489	2.868718
0.980713	-0.033936	0.275146	-10.404580	-0.122137	0.099237	2.879081
0.977051	-0.065186	0.272949	-10.641221	-0.175573	0.038168	2.889454
0.975586	-0.085205	0.270996	-9.671756	-0.992366	-0.083969	2.899484
0.985840	-0.097412	0.269043	-7.877863	-1.709924	0.213740	2.910011
0.993164	-0.097656	0.278809	-5.809160	-1.625954	1.091603	2.920333
1.007080	-0.093262	0.300537	-3.465649	-0.022901	1.641221	2.930595
0.993896	-0.066162	0.290039	-2.007634	2.312977	1.786260	2.940840
0.982178	-0.052002	0.281006	-1.541985	2.748092	2.595420	2.950972
0.961426	-0.048584	0.272217	-2.946565	2.694656	3.206107	2.961424
0.951904	-0.053223	0.250977	-4.488550	2.687023	3.450382	2.973031
0.942871	-0.049561	0.244385	-6.519084	2.312977	2.656489	2.985100
0.949707	-0.061523	0.240723	-6.793893	2.480916	1.633588	2.995246
0.962646	-0.067383	0.260742	-5.351145	3.610687	0.877863	3.005373
0.953857	-0.058350	0.284180	-3.244275	5.145038	0.152672	3.015528
0.943115	-0.060303	0.301025	-2.167939	4.106870	0.251908	3.025570
0.933838	-0.050049	0.310547	-2.725191	3.152672	0.725191	3.036119
0.939453	-0.067383	0.306396	-4.175573	1.809160	1.358779	3.045778
0.947510	-0.073242	0.297852	-5.580153	0.763359	2.312977	3.056339
0.951904	-0.073486	0.281738	-6.442748	-0.717557	2.885496	3.066693
0.961426	-0.091553	0.266602	-5.770992	-0.877863	3.732824	3.077123
0.966553	-0.101074	0.263672	-4.190840	-0.083969	4.206107	3.087330
0.971680	-0.100098	0.256592	-2.000000	1.572519	3.969466	3.097640
0.963867	-0.097900	0.275635	0.725191	2.190840	3.618321	3.107759
0.957275	-0.084229	0.277832	2.465649	2.503817	2.748092	3.118088
0.940918	-0.073486	0.273926	2.526718	1.595420	2.152672	3.128605
0.952393	-0.062256	0.276123	1.419847	1.045802	1.427481	3.138821
0.950928	-0.052490	0.270996	0.152672	0.839695	0.839695	3.148784
0.958984	-0.046875	0.259766	-1.259542	0.870229	-0.114504	3.159171
0.962891	-0.045410	0.282471	-1.603053	1.832061	-0.290076	3.169694
0.946289	-0.046875	0.284912	-0.938931	2.366412	0.007634	3.179829
0.933350	-0.040527	0.283691	-1.068702	1.549618	0.290076	3.190022
0.929199	-0.046631	0.294678	-1.458015	0.175573	0.916031	3.200222
0.922852	-0.047607	0.283936	-2.030534	-1.274809	0.732824	3.210271
0.935059	-0.042236	0.274902	-3.572519	-2.511450	0.076336	3.221685
0.946533	-0.051025	0.282227	-4.175573	-2.755725	-0.748092	3.232213
0.953857	-0.053223	0.260498	-4.473282	-2.564885	-1.007634	3.242752
0.962646	-0.052490	0.253906	-4.992366	-2.038168	-1.679389	3.253070
0.960693	-0.053955	0.266113	-4.977099	-1.106870	-2.030534	3.263687
0.953125	-0.055908	0.260498	-4.954198	-0.977099	-1.908397	3.274416
0.946045	-0.057861	0.279785	-5.190840	-2.473282	-1.618321	3.284626
0.939941	-0.057373	0.288086	-5.641221	-3.526718	-0.725191	3.295021
0.950439	-0.066650	0.286621	-6.549618	-4.816794	0.419847	3.305755
0.966064	-0.079346	0.293457	-6.664122	-5.229008	1.343511	3.316410
0.987305	-0.087158	0.291748	-4.412214	-4.969466	2.061069	3.326703
0.986816	-0.095703	0.282471	-1.839695	-3.923664	2.717557	3.336769
0.981934	-0.098633	0.273682	0.633588	-2.740458	2.694656	3.346642
0.987305	-0.096680	0.274170	2.618321	-1.732824	2.053435	3.357448
0.982910	-0.088135	0.280273	4.305344	-0.679389	1.885496	3.368013
0.986816	-0.071045	0.291992	5.305344	0.267176	1.717557	3.378504
0.955322	-0.056641	0.282959	6.183206	0.183206	1.603053	3.388750
0.968994	-0.051025	0.268066	6.244275	-2.038168	3.717557	3.399371
0.954590	-0.048340	0.251709	4.587786	-0.435115	3.419847	3.409821
0.979248	-0.051514	0.257812	3.992366	-1.083969	2.923664	3.420225
0.982422	-0.045166	0.251709	3.664122	1.068702	1.717557	3.430623
0.975098	-0.037842	0.264160	4.381679	2.290076	1.404580	3.441028
0.966553	-0.027588	0.271973	4.458015	3.442748	1.343511	3.451287
0.954346	-0.021729	0.272949	3.404580	2.473282	1.038168	3.461442
0.930176	-0.008789	0.263428	1.343511	0.465649	0.427481	3.472073
0.925537	-0.003174	0.266357	-1.236641	-0.900763	-0.129771	3.482442
0.947510	-0.001953	0.272217	-3.809160	-1.748092	-0.656489	3.492625
0.955322	-0.006592	0.267090	-6.106870	-2.702290	-1.328244	3.502947
0.966797	-0.016357	0.251953	-7.175573	-2.061069	-1.274809	3.512940
0.976074	-0.036133	0.250488	-7.572519	-1.328244	-0.648855	3.523230
0.961182	-0.040771	0.247314	-8.076336	-0.358779	-1.061069	3.533599
0.950195	-0.055176	0.249023	-7.297710	-2.129771	-0.916031	3.544037
0.949463	-0.052490	0.260254	-7.015267	-2.145038	-0.549618	3.554504
0.953857	-0.053223	0.259521	-7.145038	-1.984733	-0.984733	3.564189
0.966064	-0.051270	0.252686	-7.206107	-2.167939	-1.213740	3.575083
0.975098	-0.056152	0.249756	-7.229008	-2.893130	-1.473282	3.585340
0.964844	-0.053467	0.243164	-6.770992	-2.519084	-1.656489	3.595272
0.974609	-0.051270	0.261230	-6.732824	-1.320611	-2.679389	3.605711
0.976562	-0.067627	0.257080	-6.572519	-3.656489	-3.870229	3.615764
0.978271	-0.060059	0.255127	-5.679389	-2.366412	-1.221374	3.626441
0.972412	-0.063477	0.266357	-4.374046	-3.137405	-0.557252	3.636943
0.994629	-0.054199	0.261230	-3.198473	-2.282443	-1.885496	3.647262
1.001465	-0.037598	0.274170	-2.015267	-2.000000	-2.083969	3.657282
1.003662	-0.030273	0.258301	-1.320611	-1.290076	-1.442748	3.667432
1.001465	-0.020996	0.262939	-1.916031	-0.526718	-0.854962	3.677710
1.001221	-0.011719	0.260986	0.732824	-0.816794	-1.022901	3.687473
1.002686	-0.016602	0.257080	0.648855	-1.015267	-0.503817	3.697717
1.000000	-0.029297	0.248779	0.290076	-0.335878	-0.374046	3.708246
1.004639	-0.034912	0.251465	0.145038	-0.183206	-0.320611	3.718068
0.999756	-0.023438	0.224609	-1.206107	0.381679	-1.000000	3.728203
0.992432	-0.021729	0.238770	-2.183206	0.954198	-2.236641	3.738612
0.993408	-0.020020	0.241211	-2.977099	0.984733	-2.923664	3.748686
0.974365	-0.011719	0.239258	-3.793893	1.664122	-2.870229	3.758472
0.975342	0.007324	0.242432	-5.206107	1.496183	-4.664122	3.768203
0.967041	0.017334	0.239746	-7.137405	1.351145	-6.427481	3.777714
0.982422	0.051758	0.242676	-9.022901	0.106870	-5.351145	3.786908
0.968018	0.041016	0.236084	-12.160305	4.992366	-7.061069	3.796571
0.953369	0.041992	0.249268	-16.503817	3.740458	-7.931298	3.807402
0.949951	0.031494	0.233643	-19.625954	1.015267	-6.007634	3.817649
0.944336	0.017090	0.239746	-23.099237	-1.564885	-3.190840	3.827917
0.954102	-0.031738	0.220459	-24.099237	-2.648855	-1.641221	3.838336
0.974121	-0.049805	0.219971	-23.893130	-2.251908	-2.183206	3.848915
0.965088	-0.081543	0.200684	-21.183206	-3.335878	-2.465649	3.859230
0.967529	-0.101807	0.215332	-17.839695	-3.885496	-1.053435	3.869324
0.967773	-0.108643	0.220215	-14.961832	-2.969466	-2.351145	3.880301
0.965332	-0.103760	0.232666	-11.549618	-3.305344	-1.122137	3.890878
0.968506	-0.090820	0.238281	-9.305344	-3.045802	-1.702290	3.901072
0.960205	-0.093262	0.244141	-9.541985	-2.778626	-2.198473	3.911724
0.953613	-0.068848	0.227539	-10.129771	-3.618321	-1.793893	3.921862
0.945801	-0.054443	0.231689	-11.366412	-4.625954	-2.564885	3.932384
0.950684	-0.046143	0.218018	-12.931298	-5.229008	-3.320611	3.942876
0.964600	-0.033691	0.207275	-13.877863	-5.709924	-5.137405	3.953284
0.956543	-0.045410	0.206055	-13.900763	-6.251908	-6.473282	3.963469
0.979248	-0.037354	0.207275	-14.251908	-5.213740	-7.893130	3.973572
0.965820	-0.041504	0.204834	-14.587786	-4.778626	-8.610687	3.984106
0.968750	-0.028564	0.216553	-14.045802	-5.389313	-7.885496	3.994178
0.961914	-0.034912	0.222900	-13.900763	-5.198473	-6.389313	4.004687
0.940674	0.007568	0.228271	-14.977099	-6.412214	-5.091603	4.015068
0.956543	-0.001953	0.210938	-16.175573	-4.580153	-5.038168	4.024852
0.942383	0.008301	0.213135	-16.396947	-7.694656	-4.251908	4.035734
0.940918	0.021729	0.199707	-15.450382	-9.870229	-3.549618	4.045903
0.945068	0.010742	0.184082	-18.061069	-9.404580	-3.694656	4.056316
0.951660	-0.008789	0.192383	-19.534351	-9.076336	-4.488550	4.066891
0.962891	0.001709	0.187500	-20.305344	-8.450382	-6.091603	4.077109
0.958252	-0.014893	0.167969	-20.519084	-10.916031	-5.656489	4.087542
0.978760	-0.013428	0.162109	-22.335878	-12.366412	-6.625954	4.097779
0.992920	-0.021973	0.168213	-24.068702	-11.335878	-5.969466	4.107802
1.003906	-0.025391	0.164551	-26.732824	-10.358779	-6.083969	4.118027
1.011475	-0.041992	0.188232	-28.022901	-10.496183	-5.427481	4.128190
1.014648	-0.047607	0.192139	-28.526718	-10.587786	-4.167939	4.138442
1.034912	-0.045166	0.209961	-28.160305	-11.725191	-3.198473	4.148899
1.020264	-0.047119	0.208740	-26.259542	-9.007634	-0.580153	4.159042
0.977295	-0.049072	0.215088	-25.671756	-8.839695	-0.473282	4.169569
0.957764	-0.037842	0.226318	-22.145038	-11.404580	2.061069	4.179672
0.940186	-0.025635	0.235107	-21.290076	-11.526718	2.312977	4.190212
0.927490	-0.015625	0.237061	-20.045802	-11.213740	3.129771	4.200398
0.909424	-0.015381	0.224609	-18.572519	-12.419847	3.396947	4.210723
0.925049	-0.000488	0.217529	-17.893130	-13.419847	3.106870	4.221264
0.934814	-0.010010	0.207031	-18.832061	-12.167939	0.175573	4.231341
0.955566	-0.009766	0.216797	-19.129771	-11.175573	-2.450382	4.241949
0.982178	-0.026855	0.229980	-19.015267	-10.931298	-3.740458	4.251874
0.981689	-0.031738	0.235840	-17.580153	-11.656489	-3.503817	4.262210
1.007568	-0.055176	0.240967	-17.748092	-11.709924	-2.679389	4.272809
1.027344	-0.060059	0.211670	-17.213740	-12.320611	-1.328244	4.282977
1.028076	-0.078857	0.211914	-15.137405	-13.877863	1.984733	4.293447
1.054199	-0.081299	0.203125	-16.351145	-12.809160	1.938931	4.303976
1.059326	-0.081543	0.180420	-12.748092	-11.969466	4.473282	4.314209
1.063965	-0.105713	0.163086	-11.030534	-11.099237	4.954198	4.324392
1.063965	-0.111816	0.170166	-8.198473	-8.564885	4.900763	4.334344
1.085205	-0.123779	0.165039	-4.442748	-6.603053	4.282443	4.344874
1.081055	-0.104980	0.186279	-0.564885	-3.419847	3.954198	4.355188
1.051514	-0.103271	0.167725	1.083969	-1.076336	4.725191	4.365497
1.017822	-0.077881	0.197998	1.740458	1.748092	3.343511	4.375706
0.997803	-0.047119	0.230713	5.931298	2.106870	6.320611	4.386050
0.960693	-0.030029	0.200439	8.763359	0.083969	9.320611	4.396355
0.953613	-0.025146	0.155762	7.519084	-4.694656	12.389313	4.406739
0.943359	-0.055420	0.111328	3.290076	-9.618321	14.053435	4.416924
0.960449	-0.081543	0.064941	-4.748092	-13.503817	12.770992	4.426950
0.952148	-0.095459	-0.010498	-8.854962	-15.374046	12.427481	4.437213
1.108154	-0.099854	-0.054688	-17.404580	-16.374046	-2.244275	4.447813
1.162842	-0.052002	-0.018066	-14.404580	-5.290076	-5.290076	4.458088
1.032959	-0.008301	0.070068	-2.954198	5.152672	-6.625954	4.468413
0.937012	0.087158	0.173340	1.267176	10.114504	-1.679389	4.478578
0.799561	0.138428	0.174805	3.137405	9.236641	1.893130	4.488934
0.597656	0.176025	0.113525	-3.625954	-0.442748	9.404580	4.499650
0.491699	0.238525	-0.004150	-22.213740	-13.832061	9.809160	4.509837
0.575684	0.166260	-0.012207	-50.122137	-37.328244	10.442748	4.520646
0.809570	-0.003174	0.081055	-68.137405	-50.053435	7.740458	4.531044
1.023926	-0.124268	0.207764	-73.458015	-52.190840	8.274809	4.541292
1.171143	-0.183594	0.287109	-72.030534	-40.763359	9.740458	4.551536
1.221191	-0.211426	0.262451	-65.229008	-27.259542	9.946565	4.562228
1.166992	-0.195557	0.220459	-60.145038	-15.854962	10.381679	4.572468
1.056885	-0.085205	0.150635	-45.404580	2.145038	2.022901	4.583107
0.853760	-0.092041	0.107178	-15.916031	6.312977	9.259542	4.593306
0.777344	0.034424	0.084961	-23.282443	-7.297710	-1.274809	4.603818
0.769287	-0.038574	0.102051	-23.229008	-31.900763	2.442748	4.613744
0.888672	-0.077393	0.144043	-29.305344	-42.396947	9.114504	4.623596
1.040527	-0.126465	0.108643	-25.099237	-51.595420	13.824427	4.633057
1.218506	-0.167969	0.088623	-30.251908	-56.305344	19.793893	4.643975
1.281250	-0.206299	0.128418	-36.366412	-44.061069	26.236641	4.654151
1.282715	-0.211914	0.068359	-41.908397	-28.343511	20.664122	4.664241
1.242432	-0.188721	0.052979	-39.358779	-15.183206	17.480916	4.674247
1.181641	-0.240967	0.048584	-36.190840	-3.358779	12.122137	4.684545
1.067383	-0.264404	0.062500	-31.412214	5.198473	4.229008	4.694607
1.044434	-0.279541	0.057617	-21.320611	7.122137	3.198473	4.704015
1.020264	-0.275146	0.062500	-10.450382	6.885496	1.274809	4.713176
1.028564	-0.256592	0.072754	-0.809160	4.442748	2.297710	4.723481
1.067627	-0.229248	0.050537	6.809160	-3.595420	6.511450	4.734203
1.098389	-0.217773	0.048340	11.374046	-4.061069	9.824427	4.744270
1.107910	-0.145264	0.051025	11.603053	-4.206107	10.526718	4.754386
1.077393	-0.104004	0.064941	13.000000	-4.045802	13.358779	4.764540
1.060791	-0.089355	0.079346	13.625954	0.145038	15.755725	4.774699
1.045898	-0.090332	0.073975	7.259542	3.648855	13.274809	4.785232
1.016357	-0.072021	0.094482	2.480916	6.572519	9.480916	4.795330
0.981201	-0.051270	0.093262	1.610687	7.488550	11.015267	4.805675
0.958008	-0.059570	0.082764	-2.038168	4.694656	10.229008	4.816081
0.947998	-0.079590	0.075684	-2.664122	5.610687	8.435115	4.826361
0.898926	-0.053467	0.113281	-6.145038	7.908397	7.641221	4.836845
0.920654	-0.101074	0.057861	-8.068702	5.572519	6.290076	4.846975
0.893066	-0.083008	0.080566	-12.694656	-0.694656	5.206107	4.857555
0.950684	-0.107422	0.076904	-14.656489	-5.106870	4.961832	4.867740
0.927246	-0.102295	0.079102	-13.786260	-7.244275	4.854962	4.877656
0.942383	-0.106934	0.074707	-11.122137	-9.541985	5.282443	4.888242
0.950928	-0.116699	0.036865	-11.587786	-13.770992	6.687023	4.898621
0.973145	-0.137207	0.023193	-11.778626	-15.709924	9.152672	4.908887
1.010010	-0.165527	-0.018555	-12.984733	-16.572519	9.496183	4.919056
1.044678	-0.180176	-0.029785	-16.854962	-15.877863	7.793893	4.929756
1.094727	-0.182861	-0.017334	-17.335878	-13.572519	4.374046	4.940078
1.110840	-0.187012	-0.040771	-15.557252	-11.160305	1.374046	4.949920
1.128418	-0.196777	-0.013428	-7.931298	-0.022901	0.801527	4.960567
1.129639	-0.185791	-0.028320	-17.366412	-0.603053	-3.709924	4.971815
1.067627	-0.132568	0.040771	-13.618321	0.328244	-3.343511	4.984078
1.082031	-0.040527	0.120361	-12.458015	-6.030534	-1.992366	4.994235
1.101318	0.064941	0.115967	-8.900763	-4.045802	-0.595420	5.004409
1.027832	0.122314	0.141113	-11.832061	-4.267176	4.511450	5.014436
0.890381	0.125488	0.133789	-17.854962	-7.893130	9.068702	5.024738
0.853516	0.039795	0.089355	-27.007634	-14.854962	16.587786	5.035425
0.776855	-0.035889	0.134766	-35.778626	-13.648855	15.877863	5.045600
0.745605	-0.188721	0.100830	-36.732824	-21.213740	16.503817	5.055752
0.774902	-0.311279	0.006836	-37.450382	-24.809160	10.282443	5.065893
0.894775	-0.341064	-0.018311	-28.053435	-24.030534	2.786260	5.076107
1.013428	-0.341553	-0.014648	-16.343511	-15.175573	-4.221374	5.086673
1.076416	-0.284180	0.010498	-4.000000	-13.404580	-7.664122	5.096894
1.091553	-0.279053	-0.007812	0.618321	-6.717557	-1.832061	5.107105
1.255615	-0.199463	-0.037842	-1.458015	-7.862595	-6.282443	5.117661
1.422852	-0.175049	-0.035889	-5.778626	-6.847328	-11.603053	5.128056
1.533447	-0.160645	0.103027	-15.763359	-1.557252	-14.335878	5.139060
1.298096	-0.249023	0.123779	-9.083969	10.648855	-6.725191	5.149353
1.161377	-0.194824	0.122559	-2.160305	9.351145	-3.183206	5.159498
1.121338	-0.305176	0.030762	-1.702290	7.282443	-0.305344	5.169455
1.094971	-0.333740	-0.019775	6.763359	4.564885	2.007634	5.180162
1.123779	-0.357910	-0.013672	15.656489	4.816794	2.862595	5.190913
1.127441	-0.333740	-0.029541	29.496183	8.412214	3.564885	5.200843
1.149170	-0.258301	-0.052002	40.297710	11.534351	4.709924	5.211524
1.147217	-0.183594	-0.007812	46.961832	17.076336	6.931298	5.222094
1.121826	-0.104980	0.020996	50.694656	27.938931	5.816794	5.232780
0.946777	-0.009766	0.010010	61.977099	32.541985	8.839695	5.243151
0.928467	0.044922	-0.009277	61.099237	30.809160	10.305344	5.252972
0.883545	0.037109	0.010986	57.328244	25.496183	16.854962	5.263371
0.909668	0.021484	0.028320	50.038168	30.549618	17.580153	5.272821
0.918945	-0.009277	0.071045	39.442748	29.404580	15.206107	5.283457
0.893066	0.004395	0.102051	39.160305	22.793893	20.824427	5.293921
0.955322	0.018311	0.126465	33.885496	27.381679	17.580153	5.303955
1.000732	0.043457	0.135010	37.030534	30.145038	20.709924	5.314491
0.897949	0.022217	0.099609	33.381679	24.503817	27.854962	5.324735
0.936523	0.065918	0.086182	41.274809	20.732824	23.633588	5.335224
0.943604	0.099609	0.092529	22.946565	22.725191	20.221374	5.345489
0.945312	-0.027100	0.061768	13.396947	29.946565	12.206107	5.355601
1.004395	0.002441	0.047852	7.572519	33.068702	5.473282	5.365854
1.008057	-0.035645	0.067139	8.389313	26.381679	13.251908	5.376214
0.962646	-0.110596	0.062256	-3.404580	26.847328	1.251908	5.386818
1.011963	-0.109619	0.064697	5.129771	27.167939	5.412214	5.396961
1.029053	-0.098633	0.032471	1.625954	30.503817	-1.916031	5.407001
1.028076	-0.080811	0.032715	12.641221	27.870229	2.946565	5.417159
1.035400	-0.134521	0.052979	10.503817	20.541985	8.702290	5.427330
1.117676	-0.012451	0.041992	4.473282	25.603053	-6.404580	5.437818
1.053467	0.012695	0.048584	8.549618	33.152672	-9.755725	5.448323
1.031250	0.039062	0.014893	9.435115	30.877863	-11.702290	5.458220
0.990723	0.103271	0.035889	8.183206	31.770992	-12.251908	5.468694
0.967529	0.183838	0.034668	2.916031	30.045802	-15.725191	5.478897
0.879395	0.131592	0.008545	1.564885	11.755725	-2.702290	5.489507
0.957031	0.220703	0.092529	-11.687023	15.977099	-20.969466	5.499751
0.944092	0.158203	0.074463	-14.259542	21.893130	-24.954198	5.509499
1.006592	0.109375	0.067139	-17.824427	23.259542	-30.473282	5.519984
1.010986	0.008301	0.078125	-23.923664	24.381679	-37.862595	5.530271
0.964355	-0.062256	0.115723	-24.458015	24.862595	-45.412214	5.540710
0.885254	-0.072510	0.112305	-28.625954	1.778626	-36.526718	5.551088
0.959473	-0.207031	0.180176	-32.664122	9.022901	-55.083969	5.561258
1.024170	-0.101318	0.178955	-9.893130	26.076336	-56.267176	5.571610
0.958496	-0.263184	0.189453	-25.488550	24.015267	-71.801527	5.581708
0.988770	-0.327637	0.012207	-20.022901	16.396947	-80.076336	5.592352
1.186768	-0.441406	-0.003174	2.435115	32.396947	-87.908397	5.602633
1.130859	-0.567627	0.265625	-37.480916	-6.396947	-90.900763	5.612532
1.373535	-0.224609	0.155029	14.732824	19.335878	-116.061069	5.623039
1.191895	-0.301270	-0.145996	7.854962	-11.328244	-100.038168	5.633321
1.270752	-0.373047	0.298828	8.564885	-2.091603	-83.511450	5.643549
1.319580	-0.263916	0.188477	16.381679	-2.458015	-81.358779	5.654023
1.152588	-0.206055	0.021729	21.435115	2.229008	-78.282443	5.664053
1.145508	0.090820	0.036377	33.839695	12.564885	-68.519084	5.674517
0.933350	0.135986	0.054443	31.954198	9.152672	-54.488550	5.684883
0.705078	-0.044434	0.013916	31.412214	-1.229008	-46.786260	5.695030
0.802002	0.026367	0.148926	53.122137	13.946565	-66.137405	5.705264
0.740234	0.218262	0.179199	47.129771	11.732824	-59.419847	5.715534
0.373291	-0.059814	0.144531	35.824427	12.183206	-65.679389	5.725356
0.562744	0.261719	0.237061	22.152672	-19.702290	-67.908397	5.737104
0.359375	0.158936	0.187500	13.473282	2.244275	-68.267176	5.748956
0.654541	0.111328	0.180664	21.229008	2.580153	-82.763359	5.761270
0.724121	0.088135	0.167480	15.809160	-4.740458	-73.129771	5.773026
0.687988	0.103027	0.187744	25.557252	-1.221374	-60.793893	5.784869
0.772217	0.059082	0.135986	29.213740	-1.351145	-48.786260	5.796710
0.753174	-0.013672	0.163330	36.946565	-7.267176	-38.633588	5.808723
0.785400	-0.041016	0.183350	32.725191	-15.106870	-30.618321	5.820652
0.764160	-0.056396	0.125488	41.190840	-15.435115	-22.908397	5.832468
0.815674	-0.051025	0.061035	46.122137	-15.633588	-20.740458	5.844372
0.859131	0.007812	0.031982	53.732824	-18.595420	-23.015267	5.856667
0.830811	0.104492	-0.012695	70.038168	-11.633588	-26.496183	5.868289
1.002441	0.476562	-0.320068	93.244275	-2.541985	-26.404580	5.880630
1.239746	0.974365	-0.389648	124.152672	13.068702	-33.091603	5.891978
1.334961	1.189453	-0.111084	124.603053	-10.938931	-70.923664	5.903652
1.670166	0.982666	0.095459	58.480916	11.076336	-54.480916	5.915579
1.284424	0.489014	0.212646	-29.190840	27.305344	-5.755725	5.927655
1.158936	0.119385	0.122803	-65.557252	-8.458015	34.137405	5.939487
1.301025	-0.013184	0.212158	-70.083969	-19.053435	15.969466	5.951941
1.159668	-0.026611	0.211426	-44.541985	-0.770992	-28.885496	5.963868
1.020752	0.085449	0.197021	-19.648855	14.129771	-44.114504	5.975357
1.002197	-0.013916	0.123291	-8.564885	22.541985	-34.404580	5.987374
1.122314	-0.094971	0.142578	2.702290	14.625954	-25.740458	5.998891
1.243652	-0.129150	0.194336	17.282443	5.122137	-19.854962	6.011154
1.315918	0.068359	0.265625	31.564885	7.412214	-17.725191	6.022944
1.360107	0.250000	0.347656	39.305344	11.488550	-15.938931	6.034782
1.322998	0.375488	0.372559	31.801527	13.854962	-13.786260	6.046370
1.154785	0.441406	0.323730	13.129771	11.396947	-18.748092	6.058603
0.991943	0.476562	0.295410	-0.045802	10.664122	-18.488550	6.070560
0.878174	0.475342	0.255371	-11.297710	8.908397	-15.320611	6.082218
0.873291	0.490723	0.211914	-18.099237	1.916031	-14.290076	6.093530
0.975586	0.470215	0.162842	-23.732824	-5.549618	-14.221374	6.105716
1.063965	0.474365	0.130127	-29.351145	-10.366412	-12.221374	6.117372
1.124512	0.490234	0.151611	-36.763359	-2.732824	-12.267176	6.129389
1.159668	0.425293	0.156494	-42.007634	-0.244275	-7.679389	6.141032
1.161377	0.320068	0.120605	-47.312977	-4.778626	-6.511450	6.152885
1.141846	0.176758	0.091064	-51.015267	-14.679389	3.061069	6.164998
1.057129	0.051758	0.089844	-49.206107	-14.022901	10.282443	6.176627
0.899658	-0.041260	0.057617	-41.358779	-12.389313	12.137405	6.187743
0.774414	0.005615	0.094971	-32.274809	-10.526718	5.068702	6.199526
0.723633	0.144775	0.149170	-26.564885	-6.091603	-9.152672	6.211810
0.735596	0.222900	0.158203	-25.427481	-9.770992	-15.183206	6.223427
0.797852	0.248535	0.100830	-27.694656	-6.267176	-18.167939	6.235096
0.836182	0.269043	0.055664	-27.648855	-7.389313	-13.465649	6.246950
0.874512	0.251221	0.067627	-29.549618	-2.450382	-8.610687	6.258906
0.888672	0.210449	0.063965	-31.854962	-12.259542	-5.045802	6.271011
0.897217	0.161865	0.061279	-34.786260	-20.633588	-4.358779	6.282691
0.888184	0.153809	0.042969	-34.824427	-16.458015	-6.465649	6.294457
0.810791	0.122803	0.041992	-31.938931	-15.167939	-3.435115	6.306539
0.667236	0.139160	0.052002	-31.122137	-15.877863	-3.068702	6.318399
0.587646	0.145508	0.054199	-31.282443	-19.259542	-1.893130	6.330154
0.534668	0.316406	0.091064	-35.847328	-13.190840	-2.351145	6.341589
0.686035	0.316895	0.208252	-38.877863	-8.816794	-2.053435	6.354004
0.716797	0.200684	0.313232	-36.473282	-26.267176	-11.793893	6.365819
0.957275	0.141357	0.215332	-23.412214	-31.282443	-16.595420	6.377618
0.925537	0.103027	0.214355	10.114504	-11.114504	-13.343511	6.389340
0.821045	0.217285	0.229492	35.648855	-12.160305	2.923664	6.401022
0.911865	0.357666	0.266602	48.435115	-16.312977	29.022901	6.412148
1.113770	0.495850	0.208008	42.893130	-29.656489	45.595420	6.424197
1.229004	0.573975	0.163574	30.175573	-39.923664	52.946565	6.436063
1.246582	0.612305	0.163574	9.381679	-31.938931	41.290076	6.448033
1.097656	0.589111	0.210693	-3.694656	-23.221374	25.458015	6.460549
0.948486	0.519043	0.257812	-13.076336	-12.786260	9.656489	6.472575
0.902588	0.412354	0.271973	-17.702290	-11.664122	1.488550	6.484168
0.941406	0.327393	0.224365	-21.633588	-17.709924	-3.786260	6.496065
1.010254	0.274658	0.239014	-21.259542	-23.274809	-6.893130	6.508144
1.030518	0.226318	0.268066	-14.610687	-24.862595	-7.725191	6.520361
1.042725	0.225098	0.254395	-9.114504	-23.824427	-5.549618	6.531876
1.043701	0.219971	0.226318	-4.549618	-15.923664	-7.328244	6.542867
1.057129	0.228760	0.169678	-4.175573	-10.770992	-7.473282	6.554725
1.018066	0.240479	0.102295	-2.656489	-6.969466	-6.374046	6.567252
0.983643	0.252197	0.074219	2.305344	-6.877863	-5.694656	6.579487
0.929443	0.256104	0.079590	8.038168	-4.916031	-5.282443	6.590886
0.878662	0.277344	0.089355	16.320611	1.870229	-5.450382	6.603472
0.843750	0.314697	0.111816	22.984733	4.519084	-1.641221	6.615790
0.860352	0.361816	0.153320	27.404580	3.625954	-0.938931	6.627428
0.883545	0.409180	0.176514	28.290076	3.038168	-2.091603	6.638901
0.915527	0.476074	0.175293	21.816794	1.053435	-3.503817	6.651008
0.943848	0.514160	0.157959	11.000000	1.335878	-5.946565	6.662711
0.930664	0.500000	0.143066	-3.030534	0.938931	-9.038168	6.674674
0.915283	0.468018	0.114502	-15.015267	1.610687	-11.160305	6.686285
0.899414	0.409668	0.071533	-19.870229	2.770992	-14.282443	6.698017
0.863525	0.344482	0.075439	-18.885496	1.427481	-17.305344	6.709615
0.846924	0.275879	0.095703	-12.809160	3.419847	-22.770992	6.721562
0.877930	0.232910	0.136719	-5.076336	-0.480916	-23.816794	6.732852
0.882324	0.212158	0.162109	6.305344	-0.877863	-22.625954	6.744751
0.897949	0.229736	0.198730	17.549618	0.809160	-17.687023	6.756961
0.881104	0.294189	0.225830	25.160305	-0.068702	-12.038168	6.768854
0.857666	0.363525	0.235352	26.549618	-1.870229	-6.129771	6.780616
0.843262	0.444336	0.212646	25.374046	-5.312977	-2.839695	6.792458
0.855713	0.486572	0.197754	22.213740	-10.083969	-1.679389	6.804502
0.873535	0.492188	0.185303	15.427481	-12.259542	-4.259542	6.815968
0.896240	0.471436	0.159180	12.442748	-14.114504	-7.664122	6.827505
0.903320	0.448486	0.171143	10.396947	-10.305344	-11.916031	6.838968
0.894043	0.381592	0.161621	12.404580	-6.748092	-14.374046	6.851554
0.892334	0.338135	0.161865	12.938931	-2.809160	-15.908397	6.863313
0.927246	0.340576	0.181152	16.305344	0.801527	-16.068702	6.874983
0.956787	0.365723	0.190186	19.526718	6.335878	-15.534351	6.887121
0.936523	0.412354	0.181885	24.687023	12.519084	-13.358779	6.898619
0.923584	0.452393	0.169434	30.526718	15.351145	-6.931298	6.911043
0.894775	0.536133	0.183105	31.259542	13.793893	0.274809	6.922919
0.853760	0.574463	0.183350	33.007634	11.824427	7.694656	6.934586
0.824219	0.590576	0.198975	31.000000	11.870229	13.328244	6.946377
0.812012	0.566895	0.199219	28.442748	12.198473	17.190840	6.958447
0.840576	0.539062	0.190674	27.748092	10.770992	20.740458	6.970662
0.852051	0.462646	0.215088	26.832061	10.839695	24.572519	6.984759
0.845947	0.408447	0.244385	28.312977	13.435115	26.419847	6.996555
0.846191	0.343018	0.248047	28.328244	12.786260	30.236641	7.008484
0.824219	0.289795	0.239746	29.893130	20.381679	31.885496	7.019444
0.834717	0.263672	0.183594	29.633588	18.778626	36.358779	7.031580
0.941406	0.329590	-0.022949	22.580153	19.511450	29.778626	7.043116
1.063477	0.432617	-0.108154	26.893130	16.297710	16.709924	7.055490
1.033447	0.547852	-0.065186	42.419847	18.725191	7.839695	7.067225
1.020508	0.631836	-0.099365	50.145038	23.274809	5.534351	7.078201
0.990723	0.665039	-0.135254	51.625954	29.335878	7.473282	7.088949
0.898926	0.635742	-0.146729	44.030534	34.793893	9.435115	7.099620
0.809570	0.561768	-0.180176	26.885496	31.526718	14.152672	7.111364
0.832275	0.455078	-0.159912	11.977099	24.984733	21.022901	7.123381
0.872070	0.329590	-0.113525	2.755725	22.312977	22.221374	7.135156
0.946533	0.257568	-0.085693	3.587786	20.320611	21.702290	7.146871
0.986084	0.218262	-0.054199	10.954198	16.671756	21.740458	7.159372
