0.983398	-0.171875	-0.198730	-6.015267	2.083969	4.557252	0.010285
0.986816	-0.170410	-0.203125	-6.137405	2.251908	4.870229	0.020953
0.985596	-0.167969	-0.212891	-6.572519	2.625954	4.595420	0.031072
0.990723	-0.177490	-0.224854	-7.549618	2.534351	4.244275	0.041488
0.997070	-0.189453	-0.230957	-8.793893	1.534351	2.992366	0.051578
1.003662	-0.194092	-0.224365	-9.732824	0.633588	1.778626	0.061546
1.011230	-0.201904	-0.217773	-10.916031	0.160305	0.748092	0.071738
1.007812	-0.195557	-0.201660	-11.366412	0.267176	0.419847	0.081705
1.011230	-0.204590	-0.205811	-11.389313	0.290076	-0.236641	0.091738
1.022461	-0.215576	-0.197266	-11.106870	0.122137	-1.236641	0.101705
1.027344	-0.220459	-0.202148	-10.068702	-0.305344	-3.175573	0.111774
1.030518	-0.226807	-0.194580	-7.824427	-0.679389	-4.969466	0.121881
1.021484	-0.228760	-0.192871	-5.137405	-0.809160	-5.709924	0.131924
1.018311	-0.235596	-0.174316	-3.847328	-0.587786	-5.923664	0.141938
0.994385	-0.236572	-0.177734	0.671756	-0.175573	-5.625954	0.151894
0.989014	-0.229736	-0.181641	2.351145	0.061069	-5.839695	0.161853
0.973389	-0.217773	-0.169189	3.091603	0.030534	-5.977099	0.171921
0.965088	-0.212158	-0.192139	2.938931	-0.305344	-6.335878	0.181950
0.966309	-0.201172	-0.182861	2.297710	-1.206107	-6.358779	0.191968
0.975098	-0.199219	-0.191162	2.404580	-1.816794	-6.038168	0.201964
0.970947	-0.198730	-0.184326	2.992366	-2.251908	-6.076336	0.211959
0.967041	-0.187500	-0.185547	5.000000	-2.068702	-5.427481	0.224646
0.958252	-0.182373	-0.183838	7.259542	-2.534351	-5.213740	0.236214
0.967529	-0.158447	-0.190674	8.740458	-1.358779	-3.503817	0.248234
0.979248	-0.149414	-0.206543	9.488550	-1.885496	-3.473282	0.260227
0.990234	-0.145508	-0.209961	10.251908	-2.091603	-3.335878	0.272287
0.990479	-0.147217	-0.216797	10.862595	-2.312977	-3.213740	0.283883
0.983643	-0.142334	-0.225586	11.343511	-1.839695	-1.770992	0.295806
0.989502	-0.128418	-0.225342	10.290076	-1.000000	0.740458	0.307513
0.982910	-0.111328	-0.240723	6.839695	-0.152672	3.236641	0.319484
0.979004	-0.107910	-0.244629	0.198473	-0.061069	4.557252	0.331300
0.981689	-0.103271	-0.245117	-6.816794	-0.801527	5.290076	0.343049
0.989258	-0.112305	-0.248047	-13.969466	-1.618321	5.458015	0.354835
1.004883	-0.132812	-0.256836	-19.633588	-2.106870	6.038168	0.366792
1.006836	-0.144531	-0.261963	-21.725191	-1.763359	6.618321	0.378549
1.004639	-0.147217	-0.257812	-19.083969	-0.885496	7.938931	0.390087
0.995117	-0.177734	-0.242432	-15.427481	-0.061069	8.557252	0.401939
0.986572	-0.190918	-0.221191	-13.213740	-0.961832	6.603053	0.414100
0.984131	-0.206787	-0.215088	-10.587786	-2.702290	3.320611	0.425906
0.985107	-0.213135	-0.207764	-7.282443	-4.511450	0.244275	0.437584
0.994629	-0.225586	-0.210938	-1.916031	-5.419847	-1.160305	0.449680
1.002686	-0.233643	-0.203613	4.656489	-4.603053	-1.366412	0.461461
1.005371	-0.235352	-0.206543	10.106870	-3.198473	-0.511450	0.473214
1.004883	-0.226562	-0.210449	12.320611	-1.770992	1.015267	0.485005
0.994385	-0.214600	-0.214355	13.977099	-1.381679	1.740458	0.496001
0.994141	-0.203857	-0.197021	15.045802	-1.839695	1.419847	0.507336
0.992676	-0.193115	-0.208984	16.000000	-2.671756	0.702290	0.519940
1.005371	-0.175049	-0.217285	16.473282	-2.816794	0.679389	0.531772
1.009277	-0.162598	-0.197510	17.877863	-2.793893	1.877863	0.543430
1.013428	-0.157471	-0.196289	18.824427	-2.847328	4.015267	0.555464
1.008545	-0.149902	-0.190918	18.854962	-2.938931	5.099237	0.567550
1.005615	-0.152832	-0.183350	17.709924	-2.282443	5.908397	0.579382
1.015137	-0.153076	-0.184814	14.381679	-4.183206	4.496183	0.590692
1.017822	-0.154541	-0.191162	11.137405	-3.778626	4.709924	0.602957
1.014404	-0.145752	-0.199463	6.167939	-2.885496	6.473282	0.615155
0.986084	-0.152344	-0.202637	0.946565	-0.870229	9.213740	0.626888
0.987549	-0.146484	-0.203369	-3.503817	0.717557	11.877863	0.638746
0.977539	-0.149658	-0.211182	-9.839695	0.595420	13.183206	0.650370
0.980225	-0.157959	-0.207275	-15.847328	0.763359	12.702290	0.662591
0.989014	-0.172852	-0.220459	-20.694656	-0.190840	10.725191	0.674003
0.993164	-0.197021	-0.218994	-22.992366	-0.198473	8.435115	0.685948
0.994141	-0.227295	-0.213379	-23.572519	0.274809	6.015267	0.697377
0.984619	-0.245361	-0.216797	-20.702290	1.374046	3.923664	0.710330
0.963867	-0.264893	-0.229004	-16.465649	2.610687	2.343511	0.722159
0.958008	-0.261719	-0.226807	-12.480916	2.442748	0.580153	0.734455
0.962158	-0.261963	-0.243896	-11.045802	1.305344	-1.725191	0.746208
0.966553	-0.264893	-0.234375	-8.458015	0.145038	-4.458015	0.758036
0.971191	-0.254639	-0.245850	-7.106870	-0.458015	-7.244275	0.769156
0.990479	-0.253906	-0.247559	-5.381679	-0.832061	-8.564885	0.779547
0.999268	-0.246826	-0.244141	-0.473282	-1.083969	-9.725191	0.791092
1.001953	-0.231689	-0.239014	5.374046	-0.320611	-9.175573	0.802875
0.987305	-0.214600	-0.217529	10.694656	1.061069	-8.061069	0.814817
0.983887	-0.193604	-0.229980	14.671756	1.732824	-6.786260	0.826510
0.982666	-0.180176	-0.213135	15.557252	1.045802	-6.664122	0.838454
0.987061	-0.167480	-0.210449	14.908397	0.152672	-6.564885	0.850023
0.997803	-0.152832	-0.208740	12.564885	-0.916031	-5.786260	0.862051
0.997803	-0.154053	-0.192871	10.541985	-0.725191	-4.213740	0.873618
1.005371	-0.147461	-0.210693	7.412214	0.427481	-1.099237	0.885390
1.001709	-0.150635	-0.199219	3.061069	1.305344	1.908397	0.897072
0.998779	-0.149658	-0.203857	-2.473282	1.832061	4.068702	0.908973
1.000732	-0.144775	-0.198486	-7.694656	1.687023	4.961832	0.921231
0.998779	-0.151611	-0.194336	-11.885496	1.595420	5.282443	0.933075
1.001953	-0.157959	-0.206299	-13.832061	1.091603	5.312977	0.944926
1.006104	-0.168213	-0.199707	-14.076336	0.877863	5.610687	0.956545
1.010986	-0.169922	-0.189209	-13.641221	1.259542	6.473282	0.968708
1.005127	-0.180908	-0.190674	-14.175573	2.465649	6.427481	0.983356
1.011719	-0.204346	-0.199707	-14.351145	3.038168	4.885496	0.995010
1.000732	-0.209473	-0.194092	-13.198473	2.862595	2.526718	1.007338
0.992676	-0.208252	-0.177002	-12.076336	3.244275	1.496183	1.019247
0.992188	-0.197021	-0.179199	-11.977099	4.541985	1.480916	1.031031
0.988525	-0.195312	-0.179443	-12.083969	5.312977	1.572519	1.043419
0.988770	-0.192871	-0.181396	-12.091603	5.022901	1.061069	1.054972
0.980713	-0.188232	-0.178223	-11.488550	4.572519	0.778626	1.067149
0.976562	-0.194092	-0.167480	-10.977099	4.458015	0.450382	1.078751
0.969971	-0.194824	-0.177490	-10.183206	4.992366	0.122137	1.090793
0.982910	-0.199951	-0.182861	-9.786260	4.496183	0.106870	1.102191
0.994629	-0.208740	-0.181641	-9.022901	4.206107	-0.480916	1.114539
0.989746	-0.225586	-0.187500	-8.076336	3.679389	-1.122137	1.126092
0.998779	-0.238770	-0.190186	-6.587786	3.770992	-1.282443	1.137904
0.999268	-0.233887	-0.190430	-4.458015	3.870229	-0.832061	1.149663
0.975586	-0.231934	-0.196533	-1.587786	4.045802	-0.335878	1.161743
0.974609	-0.226807	-0.196777	-0.045802	4.000000	0.083969	1.173610
0.980469	-0.213379	-0.220459	0.282443	3.641221	0.160305	1.185229
0.982666	-0.211182	-0.229004	-1.267176	2.717557	0.320611	1.195919
0.996582	-0.206543	-0.233154	-2.305344	2.671756	0.687023	1.205987
0.983398	-0.199463	-0.242188	-3.564885	2.816794	1.358779	1.216437
0.977783	-0.185791	-0.238281	-4.618321	3.396947	2.557252	1.226504
0.971191	-0.186523	-0.248047	-6.541985	3.465649	3.534351	1.236771
0.968994	-0.192139	-0.243896	-8.938931	3.442748	2.908397	1.247360
0.975586	-0.193604	-0.248047	-11.305344	2.816794	1.328244	1.257516
0.983887	-0.199463	-0.233887	-12.809160	2.122137	-0.114504	1.267873
0.978516	-0.208496	-0.248291	-12.152672	2.068702	-1.068702	1.278364
0.973633	-0.219482	-0.243408	-10.938931	2.603053	-1.427481	1.288786
0.963867	-0.223145	-0.236816	-9.725191	4.480916	-1.213740	1.299246
0.950928	-0.221436	-0.222656	-9.633588	5.564885	-1.572519	1.308912
0.953857	-0.224854	-0.241455	-9.725191	5.671756	-3.175573	1.319704
0.951172	-0.211182	-0.224854	-10.572519	6.206107	-4.648855	1.330151
0.964355	-0.209473	-0.231201	-10.885496	5.137405	-6.770992	1.340421
0.977783	-0.194092	-0.221191	-11.366412	4.519084	-7.129771	1.350953
0.983643	-0.198486	-0.222656	-9.488550	4.045802	-7.076336	1.361189
0.983887	-0.189209	-0.218262	-6.977099	3.778626	-6.351145	1.371487
0.989014	-0.196045	-0.210449	-4.015267	4.045802	-5.694656	1.381900
0.988770	-0.182617	-0.203857	-2.732824	2.954198	-5.595420	1.392937
0.996094	-0.187256	-0.204346	-1.396947	2.564885	-5.534351	1.403363
0.992920	-0.192383	-0.192139	0.206107	1.992366	-5.763359	1.413320
0.999756	-0.182129	-0.194092	0.290076	1.167939	-4.824427	1.423782
1.003906	-0.196289	-0.199951	-0.404580	0.603053	-4.290076	1.434675
1.025879	-0.214355	-0.199463	-1.954198	0.312977	-3.129771	1.444734
1.034424	-0.201904	-0.193359	0.167939	0.045802	-3.076336	1.455408
1.039795	-0.208496	-0.190918	-2.358779	2.992366	2.343511	1.465483
1.023438	-0.196045	-0.177002	-5.015267	1.465649	4.076336	1.476223
1.016602	-0.183594	-0.159180	-7.343511	2.320611	6.305344	1.486162
1.009033	-0.169922	-0.153076	-10.572519	1.442748	6.312977	1.496498
1.004639	-0.166992	-0.149414	-12.152672	-0.908397	6.198473	1.506530
1.013184	-0.164307	-0.164795	-13.755725	-2.435115	5.778626	1.517165
1.021240	-0.178223	-0.154297	-14.030534	-3.587786	6.076336	1.527524
1.022949	-0.188477	-0.172852	-12.656489	-3.870229	6.832061	1.537742
1.018799	-0.208740	-0.177734	-10.862595	-3.183206	7.679389	1.547861
1.008789	-0.219238	-0.172363	-9.412214	-2.480916	8.664122	1.558320
1.001465	-0.229004	-0.171631	-8.175573	-2.725191	8.488550	1.568542
0.981934	-0.219482	-0.184570	-8.610687	-2.694656	7.572519	1.579031
0.973145	-0.229492	-0.192383	-8.870229	-2.167939	5.946565	1.588971
0.965332	-0.226318	-0.199219	-9.755725	-2.122137	4.694656	1.599066
0.948975	-0.218994	-0.221436	-9.664122	-2.458015	4.114504	1.609281
0.949707	-0.219727	-0.237793	-8.381679	-2.206107	4.190840	1.620064
0.950928	-0.213135	-0.250244	-7.152672	-2.496183	3.816794	1.630464
0.966797	-0.208252	-0.257568	-6.236641	-2.809160	3.595420	1.640838
0.965820	-0.200928	-0.257568	-5.572519	-3.641221	2.763359	1.651106
0.952148	-0.210449	-0.259277	-3.709924	-4.190840	2.580153	1.661479
0.941162	-0.206299	-0.245361	-1.381679	-4.633588	2.633588	1.671135
0.935791	-0.201172	-0.245850	0.290076	-5.282443	2.511450	1.681732
0.939941	-0.198242	-0.226807	0.984733	-6.015267	2.022901	1.692053
0.952393	-0.181885	-0.228271	1.259542	-6.694656	3.893130	1.702384
0.952393	-0.160889	-0.214844	1.358779	-6.465649	2.778626	1.712389
0.947021	-0.148193	-0.218018	0.557252	-5.618321	5.274809	1.722577
0.968018	-0.132568	-0.202148	-0.809160	-4.938931	7.450382	1.732709
0.988281	-0.129395	-0.190918	-2.641221	-4.763359	8.618321	1.742919
0.993896	-0.119385	-0.208984	-4.809160	-4.183206	8.977099	1.753003
0.999756	-0.116211	-0.201172	-6.038168	-4.351145	9.351145	1.763364
1.001953	-0.120605	-0.208008	-5.244275	-4.977099	10.389313	1.772767
0.994873	-0.130371	-0.204834	-2.977099	-4.656489	11.763359	1.783263
1.001221	-0.151855	-0.208252	-3.122137	-3.442748	13.053435	1.793378
0.997803	-0.157227	-0.222412	-2.977099	-1.816794	13.419847	1.803607
0.999512	-0.171387	-0.241211	-5.099237	-1.221374	13.145038	1.813833
1.008545	-0.184082	-0.243408	-8.099237	-0.305344	13.160305	1.824390
1.000000	-0.196533	-0.253174	-11.229008	0.030534	11.000000	1.834474
1.009521	-0.211670	-0.265137	-14.267176	1.061069	9.625954	1.845035
1.004395	-0.245605	-0.274414	-16.656489	1.603053	8.221374	1.855300
1.003174	-0.268311	-0.275635	-18.488550	0.885496	6.267176	1.865717
0.989990	-0.285645	-0.269043	-17.610687	2.404580	4.152672	1.876040
0.981445	-0.297607	-0.265869	-14.908397	2.656489	0.732824	1.886122
0.970947	-0.293945	-0.244629	-12.503817	2.511450	-2.595420	1.896454
0.957764	-0.299805	-0.226074	-8.648855	1.290076	-6.053435	1.906729
0.956055	-0.296387	-0.235596	-3.702290	0.458015	-8.694656	1.916805
0.954590	-0.293457	-0.237549	0.992366	0.335878	-10.595420	1.926225
0.967041	-0.279541	-0.235107	7.633588	0.496183	-11.740458	1.937182
0.968994	-0.269775	-0.235352	13.328244	0.732824	-12.702290	1.947453
0.978516	-0.255859	-0.231689	17.412214	0.732824	-13.007634	1.957469
0.983887	-0.241455	-0.227051	19.603053	0.824427	-13.366412	1.968256
0.978271	-0.228027	-0.222168	21.404580	1.389313	-13.534351	1.977973
0.994385	-0.218506	-0.219238	19.656489	2.442748	-11.259542	1.988493
0.978027	-0.198242	-0.210205	21.305344	0.412214	-11.618321	1.998481
0.988281	-0.171387	-0.204834	19.625954	2.564885	-9.015267	2.009545
0.969482	-0.159912	-0.206543	15.282443	3.801527	-6.679389	2.019757
0.979248	-0.132080	-0.207275	10.839695	3.984733	-3.679389	2.030515
0.979736	-0.119873	-0.205811	5.061069	3.244275	-1.175573	2.041067
0.998535	-0.122070	-0.209717	-0.633588	1.389313	0.244275	2.050870
1.003418	-0.118408	-0.216553	-7.839695	-0.328244	1.030534	2.061035
1.030762	-0.122070	-0.216309	-13.824427	-0.854962	1.282443	2.071593
1.016602	-0.138672	-0.214600	-18.809160	-0.450382	1.633588	2.081624
1.018799	-0.149658	-0.211182	-21.587786	0.702290	2.152672	2.092197
1.010254	-0.172607	-0.208008	-23.625954	1.587786	2.847328	2.102535
1.007568	-0.193604	-0.208008	-25.083969	2.274809	2.534351	2.113129
0.997070	-0.219238	-0.207275	-25.610687	2.374046	1.320611	2.123196
0.993408	-0.245117	-0.217041	-24.312977	2.381679	-0.290076	2.133347
0.988281	-0.261963	-0.225830	-20.587786	2.435115	-1.916031	2.143745
0.972656	-0.267822	-0.233398	-15.305344	2.885496	-2.274809	2.153811
0.972656	-0.266113	-0.239502	-8.541985	3.404580	-3.312977	2.164455
0.961670	-0.252930	-0.250000	-1.099237	4.022901	-4.412214	2.174737
0.961670	-0.245605	-0.257568	5.671756	4.267176	-5.900763	2.184560
0.958740	-0.226318	-0.262695	12.534351	4.053435	-8.083969	2.195096
0.957764	-0.222900	-0.269531	18.251908	3.519084	-10.312977	2.205336
0.961426	-0.219727	-0.287598	23.251908	3.068702	-11.603053	2.215789
0.962646	-0.211670	-0.312012	26.519084	2.824427	-12.160305	2.225621
0.963135	-0.198242	-0.299072	31.030534	2.541985	-12.053435	2.235968
0.974365	-0.185059	-0.301514	33.137405	1.740458	-11.145038	2.246373
0.980469	-0.170654	-0.302979	33.961832	1.312977	-9.961832	2.256488
0.990479	-0.154785	-0.303711	34.351145	0.961832	-8.450382	2.266733
0.990479	-0.134277	-0.281250	31.564885	0.465649	-5.954198	2.276896
0.993408	-0.108398	-0.276855	29.259542	0.015267	-2.778626	2.287075
1.011230	-0.089600	-0.266357	22.053435	0.061069	-0.122137	2.296827
0.994385	-0.081543	-0.263916	15.503817	0.847328	2.587786	2.306043
0.982422	-0.080078	-0.242432	9.137405	1.000000	5.045802	2.316386
0.985840	-0.080566	-0.227051	5.595420	1.366412	7.297710	2.326503
0.990967	-0.105957	-0.212402	2.061069	-1.061069	7.633588	2.336209
0.996338	-0.124756	-0.188721	-1.916031	-1.977099	9.183206	2.346833
0.993408	-0.140869	-0.166748	-6.213740	-1.679389	10.725191	2.357116
0.987549	-0.155029	-0.159668	-3.671756	1.320611	12.282443	2.367423
0.973633	-0.187988	-0.164795	-9.603053	-0.633588	12.931298	2.377659
0.972900	-0.221680	-0.195557	-8.801527	2.190840	13.076336	2.387684
0.975830	-0.245117	-0.160889	-12.198473	-2.129771	8.977099	2.398167
0.995605	-0.269775	-0.153320	-12.068702	-4.045802	5.106870	2.408384
1.008545	-0.283936	-0.169678	-11.610687	-3.870229	2.580153	2.418715
1.010254	-0.295654	-0.161621	-8.320611	-3.091603	1.847328	2.428857
1.014404	-0.296875	-0.161621	-3.099237	-1.778626	2.106870	2.439290
1.014893	-0.283691	-0.173340	2.259542	-0.389313	2.106870	2.449526
1.010742	-0.289795	-0.180420	7.229008	-0.419847	0.679389	2.459763
1.006104	-0.274658	-0.173828	10.763359	-1.885496	-1.633588	2.470003
1.005859	-0.256348	-0.180664	12.679389	-2.847328	-3.435115	2.480602
1.013184	-0.230713	-0.174805	14.183206	-3.053435	-4.847328	2.490769
1.018555	-0.224854	-0.188721	13.351145	-3.496183	-5.183206	2.500588
1.032227	-0.208496	-0.187988	13.564885	-3.206107	-4.603053	2.510885
1.036133	-0.187500	-0.184082	12.374046	-3.068702	-3.572519	2.521453
1.025635	-0.175781	-0.189453	10.160305	-2.809160	-1.969466	2.531396
1.008057	-0.156738	-0.171387	4.496183	-4.435115	-2.374046	2.541860
0.975586	-0.159912	-0.174316	5.824427	1.083969	1.908397	2.552051
0.967285	-0.147217	-0.183105	-2.954198	-5.541985	-0.908397	2.562318
0.950195	-0.155518	-0.178223	-5.809160	1.099237	3.770992	2.572685
0.926758	-0.150879	-0.163330	-13.763359	-4.908397	1.328244	2.583066
0.975586	-0.165039	-0.191895	-20.229008	-4.213740	2.900763	2.592946
0.991211	-0.177490	-0.189941	-25.664122	-6.969466	1.694656	2.603401
1.034424	-0.208740	-0.216553	-28.122137	-10.229008	1.000000	2.613535
1.045410	-0.222656	-0.230957	-24.900763	-11.000000	2.160305	2.623969
1.053223	-0.233154	-0.233154	-20.519084	-10.358779	4.045802	2.633959
1.046631	-0.238281	-0.248779	-18.000000	-8.213740	6.412214	2.644415
1.036133	-0.238037	-0.259521	-14.320611	-7.328244	5.419847	2.654938
1.007568	-0.247070	-0.244629	-12.648855	-7.007634	2.198473	2.665614
0.995361	-0.239990	-0.248779	-11.511450	-7.679389	-3.038168	2.676304
0.987305	-0.236816	-0.257080	-11.671756	-8.076336	-6.847328	2.686458
0.995850	-0.231201	-0.256836	-13.732824	-9.564885	-10.282443	2.696038
1.009277	-0.229248	-0.263428	-14.755725	-8.595420	-12.343511	2.705390
1.014404	-0.221436	-0.261475	-12.824427	-5.534351	-12.587786	2.716292
0.997559	-0.201904	-0.254150	-11.053435	-3.374046	-10.740458	2.726630
0.979248	-0.194092	-0.229736	-7.297710	-1.129771	-8.038168	2.736526
0.954102	-0.184326	-0.207520	-4.801527	0.083969	-5.511450	2.747095
0.924561	-0.177979	-0.193604	-2.236641	0.381679	-4.809160	2.757470
0.914062	-0.181152	-0.190674	-0.175573	-0.396947	-5.274809	2.767670
0.900391	-0.188477	-0.183350	0.022901	-1.839695	-6.648855	2.778180
0.914795	-0.177979	-0.187256	5.412214	-3.038168	-7.480916	2.788286
0.929932	-0.170654	-0.191895	10.053435	-3.152672	-7.022901	2.798218
0.947266	-0.165527	-0.205811	15.801527	-2.229008	-4.969466	2.808785
0.976562	-0.158936	-0.216309	19.129771	-0.664122	-2.343511	2.819429
0.990723	-0.156982	-0.239258	19.343511	1.458015	0.435115	2.829701
0.995850	-0.142090	-0.259033	16.694656	3.580153	2.793893	2.839671
0.989258	-0.133789	-0.264893	10.389313	5.328244	4.946565	2.850235
0.978271	-0.117920	-0.274658	3.893130	7.419847	7.236641	2.860127
0.983398	-0.106934	-0.296631	-3.954198	9.549618	9.007634	2.870561
0.983154	-0.099121	-0.288086	-14.213740	10.778626	10.633588	2.880922
0.991943	-0.098633	-0.286133	-17.969466	11.709924	11.343511	2.891070
1.010254	-0.118408	-0.282715	-19.343511	11.480916	11.786260	2.901070
1.015625	-0.137451	-0.274658	-18.534351	11.167939	12.694656	2.911663
1.024902	-0.175781	-0.271484	-16.671756	11.213740	13.755725	2.922078
1.008789	-0.205078	-0.251953	-15.778626	11.725191	14.648855	2.932329
0.996826	-0.244141	-0.243896	-12.977099	11.946565	13.580153	2.942436
0.975830	-0.269531	-0.243896	-14.465649	11.053435	12.312977	2.952717
0.968018	-0.299072	-0.230957	-15.435115	10.389313	8.404580	2.962985
0.964355	-0.314697	-0.226318	-15.458015	8.656489	2.732824	2.975765
0.949463	-0.319824	-0.233398	-13.244275	7.824427	-1.167939	2.986657
0.975098	-0.318848	-0.227539	-10.137405	5.969466	-3.190840	2.996943
0.988281	-0.314453	-0.227295	-5.473282	7.793893	-4.259542	3.007047
0.996582	-0.292236	-0.213867	-1.625954	8.916031	-3.427481	3.017160
0.987793	-0.267334	-0.202881	3.305344	9.923664	-3.106870	3.027340
0.981445	-0.255615	-0.204834	9.145038	11.068702	-3.648855	3.037711
0.978760	-0.237061	-0.188232	12.175573	10.977099	-4.923664	3.047857
0.982910	-0.224365	-0.190674	16.106870	9.954198	-7.152672	3.057959
0.983643	-0.204834	-0.194580	21.259542	9.251908	-9.114504	3.068243
0.985596	-0.200928	-0.199463	22.931298	8.709924	-8.854962	3.078890
0.995605	-0.185303	-0.200195	23.282443	9.061069	-7.511450	3.089122
0.999756	-0.157227	-0.200439	23.152672	9.923664	-5.198473	3.099381
0.997070	-0.145264	-0.213135	20.526718	9.954198	-3.076336	3.109541
0.986328	-0.136475	-0.211670	15.198473	9.549618	-1.480916	3.119884
0.984863	-0.125977	-0.206055	8.557252	9.259542	-0.175573	3.130231
0.976318	-0.130127	-0.224121	0.381679	8.183206	0.648855	3.140472
0.979736	-0.136230	-0.224365	-6.137405	7.122137	1.557252	3.150681
0.973389	-0.150635	-0.215820	-12.351145	5.824427	2.717557	3.161050
0.980713	-0.154541	-0.216064	-16.076336	4.923664	3.832061	3.171296
0.980469	-0.173828	-0.211426	-19.725191	3.748092	5.488550	3.181383
0.967529	-0.184082	-0.193848	-21.541985	1.824427	5.129771	3.191923
0.972168	-0.190186	-0.194092	-22.465649	1.977099	5.580153	3.201826
0.968018	-0.208008	-0.194336	-23.893130	0.236641	3.786260	3.212291
0.973389	-0.232178	-0.187012	-20.679389	-2.732824	1.122137	3.223469
0.994873	-0.242188	-0.215088	-18.633588	-3.694656	-0.870229	3.233964
0.988770	-0.248047	-0.197754	-13.618321	-3.015267	-1.862595	3.244424
0.985107	-0.264404	-0.190430	-8.786260	-2.778626	-2.244275	3.254732
0.978516	-0.243408	-0.179443	-3.687023	-1.770992	-2.068702	3.265423
0.979004	-0.236572	-0.181885	0.099237	-1.145038	-2.206107	3.276009
0.969971	-0.230225	-0.191895	2.847328	-1.625954	-2.992366	3.286389
0.976562	-0.214844	-0.179199	4.534351	-1.893130	-4.007634	3.296737
0.981445	-0.197510	-0.185547	5.870229	-2.480916	-4.236641	3.307319
0.986084	-0.182861	-0.197266	6.580153	-2.213740	-2.946565	3.318114
0.995605	-0.170898	-0.207764	7.396947	-1.854962	-1.648855	3.328249
0.996826	-0.171387	-0.208740	6.320611	-1.732824	-0.610687	3.338738
1.003174	-0.166504	-0.212402	4.488550	-1.778626	-0.564885	3.348335
1.002197	-0.162109	-0.204590	1.267176	-2.083969	-0.893130	3.359234
0.993408	-0.167236	-0.206543	-1.572519	-3.328244	-1.213740	3.369840
0.993896	-0.157471	-0.199219	-4.557252	-3.908397	-0.969466	3.380108
0.998779	-0.173828	-0.203125	-7.129771	-4.732824	-0.229008	3.390619
1.009033	-0.201904	-0.209229	-9.038168	-6.404580	-0.595420	3.401296
1.011230	-0.211426	-0.222412	-10.290076	-8.419847	-1.038168	3.411426
1.005371	-0.213867	-0.226074	-10.610687	-10.137405	-0.717557	3.422081
1.014404	-0.228271	-0.211426	-9.167939	-10.740458	0.290076	3.432376
0.990967	-0.231934	-0.224609	-8.145038	-10.488550	1.847328	3.442626
0.983887	-0.224854	-0.206055	-7.206107	-10.404580	3.015267	3.452892
0.978516	-0.227783	-0.211914	-6.114504	-10.702290	2.541985	3.463185
0.985107	-0.222168	-0.196045	-5.503817	-11.938931	1.648855	3.473668
0.993896	-0.227051	-0.212402	-5.099237	-13.282443	0.511450	3.484035
0.995850	-0.213867	-0.206299	-2.839695	-13.732824	0.687023	3.494281
0.983154	-0.205811	-0.209717	-1.137405	-13.435115	0.977099	3.504688
0.988770	-0.194336	-0.220215	-0.587786	-12.412214	2.450382	3.514512
0.992188	-0.180908	-0.204590	-0.320611	-11.778626	3.419847	3.524893
0.987061	-0.181396	-0.217285	-0.702290	-10.923664	2.847328	3.535370
0.980225	-0.170166	-0.220703	-1.442748	-11.030534	1.717557	3.545733
0.985107	-0.174316	-0.221436	-1.549618	-11.610687	-0.038168	3.556063
0.988525	-0.162842	-0.221680	-1.862595	-11.091603	-0.297710	3.566158
0.992920	-0.157471	-0.225342	-2.740458	-9.832061	-0.167939	3.576630
0.993652	-0.154053	-0.235840	-3.793893	-7.282443	1.412214	3.586888
0.995117	-0.138672	-0.252930	-4.015267	-5.404580	3.282443	3.597028
0.987793	-0.134277	-0.270752	-5.183206	-4.374046	4.961832	3.607318
0.986084	-0.148682	-0.271973	-6.557252	-4.083969	5.503817	3.617443
0.990723	-0.150391	-0.296387	-8.763359	-4.916031	5.503817	3.628153
0.989258	-0.167236	-0.321289	-10.328244	-5.236641	4.374046	3.638558
1.007080	-0.197510	-0.330566	-11.931298	-4.938931	4.068702	3.648843
0.997803	-0.217773	-0.321289	-10.694656	-5.129771	2.625954	3.658832
1.004150	-0.241943	-0.321777	-9.183206	-4.725191	2.221374	3.668980
0.995605	-0.244629	-0.296143	-7.717557	-3.358779	1.541985	3.679492
1.000000	-0.255615	-0.303711	-7.694656	-3.580153	-0.404580	3.689264
1.000244	-0.259521	-0.304932	-5.450382	-2.335878	-3.526718	3.699571
1.003174	-0.265137	-0.317383	-0.702290	-3.648855	-6.480916	3.709914
1.002197	-0.254395	-0.333252	5.687023	-5.068702	-9.030534	3.719782
0.989014	-0.240967	-0.325195	13.633588	-4.541985	-10.274809	3.730297
0.976807	-0.213867	-0.337891	21.267176	-2.900763	-10.435115	3.740215
0.966797	-0.196777	-0.366211	26.625954	-1.160305	-10.419847	3.750323
0.961182	-0.189209	-0.367676	30.656489	-0.572519	-11.137405	3.760040
0.962891	-0.207031	-0.370605	34.633588	0.007634	-13.435115	3.769947
0.970215	-0.214844	-0.360596	35.122137	-0.007634	-16.328244	3.779310
0.982910	-0.233887	-0.342285	37.511450	-4.435115	-19.687023	3.788413
1.002197	-0.272949	-0.324707	39.015267	-3.839695	-22.259542	3.798619
1.009521	-0.303467	-0.314697	40.503817	-0.496183	-23.091603	3.809282
1.022461	-0.273682	-0.289062	31.435115	0.687023	-16.961832	3.819321
1.000977	-0.244141	-0.236816	35.274809	2.870229	-14.832061	3.829825
0.968994	-0.215576	-0.201904	41.221374	5.969466	-12.931298	3.840141
0.968262	-0.142334	-0.161621	35.580153	4.687023	-8.740458	3.850740
0.979980	-0.087158	-0.145020	30.389313	4.015267	-5.954198	3.860995
0.993408	-0.045166	-0.164062	25.969466	2.725191	-3.755725	3.871409
1.012451	-0.016602	-0.157227	21.587786	-0.251908	-0.824427	3.882064
1.025391	-0.015869	-0.145752	19.007634	-2.870229	3.198473	3.892642
1.018311	-0.033447	-0.140381	15.740458	-4.160305	7.259542	3.902991
0.988770	-0.068359	-0.140137	12.694656	-3.175573	9.961832	3.913311
0.963379	-0.093018	-0.152100	8.427481	-0.908397	11.419847	3.923449
0.950928	-0.118652	-0.179443	2.931298	-0.458015	11.328244	3.934093
0.953857	-0.140137	-0.206055	-2.030534	-1.473282	10.167939	3.944711
0.980957	-0.143799	-0.220215	-10.839695	-1.740458	8.343511	3.954868
1.002197	-0.176270	-0.252441	-15.603053	-1.221374	7.732824	3.965030
1.021729	-0.198242	-0.244629	-18.610687	-1.511450	7.450382	3.975171
1.016602	-0.224365	-0.241211	-19.717557	-0.870229	8.167939	3.985797
1.000977	-0.240967	-0.233398	-18.099237	0.351145	9.015267	3.995776
0.972656	-0.245361	-0.224854	-16.206107	1.358779	9.725191	4.006326
0.950439	-0.241699	-0.243408	-11.793893	2.229008	9.427481	4.016761
0.946045	-0.231201	-0.255615	-5.984733	2.190840	8.541985	4.026416
0.943115	-0.215088	-0.259521	1.847328	1.625954	7.816794	4.037422
0.944092	-0.205078	-0.277832	9.213740	1.007634	7.450382	4.047738
0.955078	-0.206787	-0.270508	14.702290	-0.030534	7.916031	4.057973
0.971924	-0.195312	-0.277344	18.435115	0.045802	8.732824	4.068434
0.976074	-0.198730	-0.291260	19.847328	0.259542	9.923664	4.078914
0.974365	-0.204102	-0.287842	19.496183	1.465649	10.732824	4.089100
0.969727	-0.209229	-0.294678	17.648855	2.419847	12.061069	4.099380
0.970459	-0.200684	-0.282471	11.389313	0.839695	10.229008	4.109559
0.957764	-0.193359	-0.266846	6.374046	3.618321	13.458015	4.119976
0.977783	-0.174805	-0.278320	-2.625954	-0.305344	11.534351	4.129903
0.977783	-0.152832	-0.266846	-11.206107	3.801527	14.381679	4.140084
0.977783	-0.135742	-0.247559	-18.190840	0.732824	13.809160	4.150729
0.983398	-0.132324	-0.251465	-21.870229	1.679389	15.030534	4.160837
0.964111	-0.130127	-0.256592	-23.923664	1.603053	15.435115	4.171181
0.949463	-0.142090	-0.267334	-23.259542	1.053435	16.152672	4.181408
0.933350	-0.169922	-0.261475	-20.282443	0.053435	16.076336	4.191854
0.932861	-0.200684	-0.265381	-18.404580	-0.816794	14.961832	4.202146
0.938965	-0.237305	-0.262939	-19.763359	-2.755725	12.335878	4.212531
0.945068	-0.276367	-0.268311	-20.503817	-3.992366	8.916031	4.222979
0.955078	-0.302734	-0.259277	-19.381679	-5.038168	6.068702	4.233093
0.969482	-0.319336	-0.250000	-16.671756	-4.328244	4.480916	4.243554
0.973877	-0.324219	-0.247803	-13.770992	-2.557252	3.076336	4.253724
0.973877	-0.331299	-0.244141	-9.625954	-0.061069	1.824427	4.263952
0.986816	-0.319580	-0.233643	-5.442748	-0.374046	-0.557252	4.274388
1.004639	-0.294189	-0.208740	-1.587786	-1.664122	-3.213740	4.284539
1.016602	-0.262695	-0.202881	-0.389313	-2.854962	-5.061069	4.295222
1.028076	-0.236572	-0.183838	-0.671756	-5.862595	-4.824427	4.305536
1.054199	-0.211914	-0.200195	2.854962	-4.160305	-4.007634	4.315896
1.049072	-0.238037	-0.214355	6.404580	-4.099237	-4.122137	4.325934
1.051514	-0.209717	-0.222168	11.480916	-3.992366	-2.290076	4.336085
1.030518	-0.212646	-0.238770	13.755725	-4.335878	-2.328244	4.346562
1.014648	-0.218262	-0.245605	15.213740	-4.870229	-2.725191	4.356910
0.999756	-0.213623	-0.242920	13.450382	-6.114504	-4.000000	4.367268
0.997314	-0.187744	-0.260254	13.664122	-6.129771	-4.557252	4.377440
0.977783	-0.167969	-0.254395	11.129771	-6.450382	-4.954198	4.387762
0.984131	-0.164795	-0.240967	9.068702	-6.870229	-4.282443	4.398060
1.016113	-0.171387	-0.247314	5.167939	-7.076336	-4.061069	4.408291
1.043457	-0.177246	-0.269531	0.580153	-6.198473	-4.580153	4.418481
1.061523	-0.141846	-0.337402	1.404580	-3.427481	-3.427481	4.428752
1.036133	-0.154785	-0.487793	8.106870	9.328244	-0.320611	4.439119
0.978271	-0.301270	-0.482422	-13.328244	4.709924	0.977099	4.449576
0.990479	-0.433838	-0.476074	-54.526718	4.282443	4.419847	4.459876
0.847900	-0.497803	-0.244873	-82.061069	3.206107	8.541985	4.470152
0.854980	-0.445557	-0.129883	-78.358779	-7.709924	5.610687	4.480469
0.952148	-0.448242	-0.135010	-50.832061	-4.786260	1.374046	4.490842
0.890381	-0.325928	-0.230469	-25.694656	12.900763	-2.267176	4.501447
0.775391	-0.106934	-0.365479	-19.671756	24.725191	12.198473	4.511448
0.638184	-0.071289	-0.357910	-25.068702	31.358779	34.816794	4.522412
0.591797	-0.134033	-0.366455	-32.038168	31.572519	40.160305	4.532770
0.682617	-0.245850	-0.335938	-46.167939	18.167939	22.213740	4.543070
0.893555	-0.281250	-0.359619	-54.618321	1.030534	-2.748092	4.553342
1.135498	-0.258301	-0.405029	-58.931298	-10.687023	-22.618321	4.563801
1.178955	-0.312500	-0.378906	-46.732824	-6.587786	-24.221374	4.574068
1.048828	-0.416748	-0.387695	-31.938931	9.206107	-1.671756	4.584670
0.911377	-0.357910	-0.335938	4.396947	19.595420	19.145038	4.594973
0.772217	-0.133057	-0.280762	53.145038	25.076336	30.312977	4.605358
0.708008	-0.046387	-0.223877	52.664122	9.992366	29.832061	4.615503
0.780029	-0.038330	-0.252197	46.000000	-6.290076	12.083969	4.625131
0.936035	-0.093750	-0.281250	34.282443	-17.465649	-12.305344	4.634935
1.182373	-0.200928	-0.279785	-8.114504	-21.358779	-36.992366	4.645756
1.414307	-0.365723	-0.268555	-28.893130	-13.656489	-42.167939	4.655852
1.393799	-0.460205	-0.225342	8.549618	2.030534	-36.145038	4.665823
1.145264	-0.390137	-0.104248	51.961832	19.526718	-2.213740	4.675993
0.948975	-0.239990	-0.053467	72.992366	25.709924	24.236641	4.686341
0.823730	-0.082031	0.015381	80.351145	20.984733	28.885496	4.696145
0.833008	0.011230	0.048584	60.458015	-2.091603	13.137405	4.705546
0.938232	0.006104	0.042725	27.893130	-25.793893	-8.015267	4.714677
1.049072	-0.054199	-0.007812	1.893130	-32.641221	-23.351145	4.725325
1.128906	-0.128906	-0.063477	-15.748092	-24.992366	-25.458015	4.735982
1.142334	-0.216309	-0.107666	-12.251908	-5.893130	-4.549618	4.745828
1.094727	-0.262451	-0.150635	-2.465649	-0.816794	16.763359	4.756093
1.064209	-0.280518	-0.170166	3.274809	7.984733	35.160305	4.766077
1.007324	-0.295898	-0.206787	-12.847328	11.000000	31.633588	4.776368
0.979004	-0.338379	-0.283936	-25.259542	7.519084	12.503817	4.786768
0.964600	-0.324463	-0.309570	-31.274809	-1.679389	-3.793893	4.797013
0.966553	-0.323730	-0.319580	-29.877863	-13.091603	-9.396947	4.807380
0.987793	-0.322998	-0.296631	-29.022901	-16.702290	-6.175573	4.817871
0.982422	-0.328613	-0.244385	-28.900763	-9.824427	1.374046	4.828186
0.928467	-0.354004	-0.197754	-27.687023	-3.687023	3.251908	4.838430
0.889648	-0.374512	-0.177490	-23.893130	0.335878	6.511450	4.849006
0.885986	-0.346436	-0.184570	-26.022901	-6.274809	0.671756	4.859291
0.901367	-0.282715	-0.220459	-26.381679	-3.923664	1.236641	4.869516
0.908447	-0.208496	-0.255859	-29.297710	-5.419847	1.190840	4.879696
0.943359	-0.140381	-0.273193	-23.526718	-2.923664	7.129771	4.890149
0.944824	-0.082520	-0.250488	-18.557252	-1.977099	12.938931	4.900366
0.920898	-0.031006	-0.166504	-9.404580	-5.335878	15.992366	4.910544
0.963135	-0.033936	-0.181641	-10.435115	-9.946565	17.755725	4.920884
0.984375	-0.072021	-0.251953	-22.541985	-9.893130	14.763359	4.931499
1.013184	-0.155029	-0.273682	-30.007634	-10.221374	10.580153	4.941802
1.052979	-0.205566	-0.225342	-25.152672	-16.404580	5.580153	4.951831
1.136963	-0.180176	-0.260010	-11.702290	-12.839695	6.450382	4.962291
1.193848	-0.122070	-0.332275	-14.816794	0.091603	9.931298	4.974772
1.115234	-0.106445	-0.351318	-17.389313	17.839695	14.618321	4.985671
1.007080	-0.061279	-0.350098	-11.114504	21.801527	13.916031	4.995774
0.920654	-0.002686	-0.342041	-6.038168	18.122137	10.625954	5.006103
0.864990	0.062988	-0.247314	-9.251908	12.038168	4.503817	5.016178
0.811279	0.106689	-0.095703	-4.328244	5.603053	-0.320611	5.026447
0.810791	0.097168	0.073730	1.702290	-0.022901	-2.580153	5.037083
0.837891	0.065186	0.105957	-5.503817	-9.213740	-1.320611	5.047160
0.879395	0.007324	0.110352	-19.427481	-10.320611	5.305344	5.057297
0.911133	0.119873	-0.032715	-23.114504	-10.847328	17.488550	5.067431
0.888428	0.218506	-0.154053	-11.908397	-5.916031	39.664122	5.077698
0.865723	-0.026855	-0.267090	-38.480916	8.030534	57.488550	5.088255
0.840332	-0.722412	-0.210205	-136.641221	8.083969	55.374046	5.098628
1.000977	-0.947998	-0.270508	-85.839695	3.587786	-3.954198	5.108828
1.245361	-0.291016	-0.570801	-26.839695	-17.038168	-28.305344	5.119666
1.396729	0.141846	-0.578125	14.786260	-29.633588	-0.427481	5.130056
1.390625	0.019775	-0.478271	-27.610687	4.343511	46.961832	5.140995
1.036133	-0.393311	-0.619141	-92.282443	41.694656	71.770992	5.150953
0.841797	-1.024170	-0.814209	-106.656489	42.702290	35.129771	5.161094
0.931396	-1.062744	-0.527588	-33.175573	2.671756	-36.931298	5.171159
1.049805	-0.867676	-0.324463	-20.893130	-27.076336	-67.244275	5.181788
1.081299	-0.928467	-0.316895	-63.763359	-25.381679	-89.786260	5.192535
1.007080	-1.050049	-0.309570	-99.977099	4.259542	-81.129771	5.202629
0.973877	-0.805664	-0.255127	5.633588	3.984733	-78.900763	5.213262
0.998291	-0.520508	-0.137939	21.648855	13.496183	-39.885496	5.223748
0.936035	-0.323975	-0.121826	10.587786	16.839695	-30.519084	5.234494
0.817139	-0.225586	-0.196045	-14.587786	14.213740	-43.755725	5.244892
0.843018	-0.145508	-0.232422	-21.236641	1.862595	-49.977099	5.254509
0.883545	-0.033936	-0.256592	5.122137	-14.114504	-55.465649	5.264994
0.958496	0.025635	-0.356445	25.061069	-6.938931	-43.259542	5.274403
1.006592	0.033203	-0.405029	4.580153	3.992366	-19.519084	5.285265
1.009033	-0.018311	-0.454590	-1.694656	19.137405	0.297710	5.295548
0.942139	-0.120361	-0.464844	4.633588	26.053435	3.290076	5.305681
0.867188	-0.237793	-0.459473	10.320611	20.763359	-5.068702	5.316209
0.877686	-0.299316	-0.434082	11.160305	18.893130	-24.076336	5.326319
0.877441	-0.335205	-0.407959	35.145038	-5.145038	-41.206107	5.337022
0.909912	-0.268066	-0.330566	25.206107	16.862595	-35.755725	5.347311
0.898926	-0.255615	-0.347656	28.931298	16.725191	-19.618321	5.357156
0.935059	-0.147705	-0.328857	29.541985	8.755725	-7.167939	5.367625
1.042480	-0.035889	-0.282959	16.122137	13.076336	10.938931	5.378040
1.089844	0.044678	-0.233887	0.625954	13.244275	20.572519	5.388356
1.058350	0.138428	-0.214355	-7.320611	8.366412	31.122137	5.398500
1.088867	0.198975	-0.202393	-25.068702	11.664122	47.068702	5.408629
1.012207	0.210938	-0.211426	-28.488550	10.595420	53.786260	5.418848
0.988525	0.198242	-0.209961	-27.534351	13.007634	55.572519	5.429017
1.020264	0.131104	-0.193359	-22.328244	16.267176	53.030534	5.439560
1.022217	0.073486	-0.159424	-24.656489	11.167939	48.763359	5.449931
1.055420	0.001953	-0.181885	-24.221374	6.030534	44.305344	5.459941
1.055420	-0.060059	-0.152344	-14.938931	11.106870	48.526718	5.470330
1.025879	-0.114258	-0.173096	-2.679389	14.702290	52.832061	5.480952
1.024902	-0.106445	-0.173340	15.641221	21.343511	63.725191	5.491248
1.035156	-0.155518	-0.211426	21.610687	20.488550	67.320611	5.501336
1.041992	-0.145996	-0.194336	20.847328	14.488550	66.129771	5.511108
1.064453	-0.119141	-0.190430	21.671756	5.541985	58.564885	5.521733
1.045410	-0.140625	-0.224854	16.763359	-1.893130	52.633588	5.531995
1.050781	-0.096436	-0.208496	3.450382	-4.832061	54.732824	5.542439
1.002686	-0.159912	-0.278320	34.381679	-11.435115	56.770992	5.552942
1.002686	-0.009521	-0.166748	43.129771	3.061069	79.358779	5.562798
1.008789	-0.014893	-0.209229	27.343511	-5.465649	98.961832	5.573205
0.933350	0.026123	-0.119629	13.709924	-1.412214	115.160305	5.583604
1.000977	-0.035645	-0.096436	-9.160305	-18.328244	99.748092	5.593957
1.012451	-0.086914	-0.174316	-34.137405	-21.312977	103.435115	5.604233
1.119385	-0.016602	-0.330322	-64.603053	-32.931298	92.702290	5.614083
1.122070	0.096680	-0.438965	-74.595420	-20.740458	101.580153	5.624894
1.132324	0.087402	-0.387207	-89.083969	-15.374046	113.480916	5.634871
1.082031	-0.110840	-0.250977	-77.671756	-6.412214	117.587786	5.645264
1.000244	-0.196289	-0.250977	-50.885496	-6.618321	106.877863	5.655791
0.912842	-0.138672	-0.320312	-73.946565	-11.526718	89.946565	5.665591
0.800781	-0.168213	-0.369141	-82.099237	-13.824427	71.961832	5.676230
0.710693	-0.209473	-0.427734	-94.236641	-11.099237	39.801527	5.686475
0.635498	-0.270752	-0.445312	-94.442748	-9.458015	23.290076	5.696850
0.607422	-0.342041	-0.437012	-75.908397	-5.465649	3.427481	5.706840
0.572998	-0.390381	-0.406494	-57.343511	-2.664122	-2.816794	5.717084
0.549561	-0.396729	-0.399170	-41.236641	1.091603	-7.854962	5.727260
0.467529	-0.357178	-0.403076	-27.167939	3.114504	-18.900763	5.739111
0.433838	-0.310059	-0.382324	-13.786260	2.969466	-19.931298	5.751209
0.456543	-0.181396	-0.389160	-11.564885	-4.534351	-30.145038	5.763346
0.519775	-0.109131	-0.433838	-16.038168	-6.175573	-31.694656	5.775158
0.545410	-0.002197	-0.474365	-15.984733	-6.480916	-27.923664	5.786836
0.637207	0.075195	-0.503174	-9.312977	-6.412214	-16.106870	5.798525
0.743896	0.055664	-0.551270	-6.717557	-3.541985	-4.755725	5.810611
0.771729	0.150391	-0.562012	16.725191	-3.625954	-18.877863	5.822643
0.818848	0.085938	-0.545898	20.923664	-11.854962	-33.053435	5.834444
0.871094	0.048096	-0.748047	13.832061	-20.236641	-44.450382	5.846358
1.032471	-0.140625	-0.937500	1.824427	-32.572519	-63.320611	5.858507
0.749023	-0.705078	-0.915527	-65.557252	-22.778626	-73.282443	5.870132
0.322754	-2.000000	-1.187744	-250.137405	9.877863	-72.190840	5.882580
1.999939	-2.000000	-2.000000	-250.137405	0.992366	-250.137405	5.893979
0.348877	-2.000000	0.821777	176.519084	-250.137405	-250.137405	5.905970
0.362793	1.999939	0.971191	250.129771	137.885496	70.114504	5.917731
-0.031006	1.999939	0.372559	250.129771	75.015267	62.748092	5.929672
0.954590	1.999939	0.187988	184.778626	74.458015	196.236641	5.941464
-0.405518	0.545654	-0.974854	-128.374046	8.816794	110.625954	5.954017
0.896729	0.555908	-1.188232	-250.137405	-130.122137	-72.290076	5.965690
1.969727	-1.576660	-1.552734	-250.137405	-4.206107	-38.908397	5.977309
1.449951	-1.214844	-0.727295	-250.137405	-218.519084	-150.427481	5.989229
1.814453	-1.720947	-1.716309	-119.137405	-151.022901	-88.122137	6.001196
1.110596	-1.203613	-0.641357	72.526718	97.305344	129.419847	6.012996
0.793701	-0.565674	-0.407227	144.870229	250.129771	188.832061	6.024895
0.531250	-0.281006	-0.496582	178.076336	203.717557	128.572519	6.036600
0.921631	0.110840	-0.330322	126.488550	52.183206	49.015267	6.048213
0.698730	0.256348	-0.411621	90.328244	-44.900763	-27.748092	6.060628
0.791260	0.207275	-0.566650	22.465649	-130.961832	-103.122137	6.072457
1.030518	0.005615	-0.691406	-127.396947	-129.114504	-75.396947	6.084166
1.491699	-0.189209	-0.648682	-63.030534	-59.435115	-10.366412	6.095678
1.220459	-0.658936	-0.728271	5.458015	45.664122	94.404580	6.107646
0.973633	-0.683350	-0.387451	66.732824	144.000000	177.206107	6.119573
0.950684	-0.436279	-0.333740	196.251908	125.374046	108.908397	6.131352
0.711182	-0.305420	-0.382080	179.541985	66.679389	55.351145	6.143028
0.880371	-0.115479	-0.344727	137.503817	16.106870	21.473282	6.154824
0.906006	0.006104	-0.421631	65.564885	5.885496	15.221374	6.166973
0.884766	-0.066406	-0.443359	46.053435	23.251908	39.320611	6.178420
0.873779	-0.208740	-0.477783	51.847328	30.870229	73.488550	6.190000
0.835449	-0.387939	-0.532715	30.122137	39.351145	86.175573	6.201974
0.706055	-0.526367	-0.476562	-23.068702	34.793893	57.007634	6.213637
0.649414	-0.726318	-0.484619	-58.992366	19.244275	16.717557	6.225469
0.597168	-0.800537	-0.474365	-65.877863	12.000000	-15.328244	6.237031
0.578613	-0.795898	-0.443604	-55.129771	16.664122	-31.030534	6.248856
0.587891	-0.728271	-0.399902	-35.923664	28.000000	-34.145038	6.261044
0.594727	-0.631348	-0.343506	-23.664122	29.526718	-34.816794	6.272845
0.636475	-0.575195	-0.297119	-28.610687	19.091603	-40.183206	6.284641
0.669189	-0.584473	-0.340820	-46.801527	8.488550	-47.396947	6.296304
0.665527	-0.695312	-0.351562	-76.519084	4.564885	-53.938931	6.308473
0.590088	-0.750000	-0.327148	-103.725191	11.885496	-52.709924	6.320320
0.530762	-0.724854	-0.307617	-119.473282	26.664122	-50.175573	6.332147
0.406250	-0.612061	-0.373779	-123.984733	40.465649	-49.145038	6.343859
0.406738	-0.348145	-0.412598	-91.740458	39.198473	-55.328244	6.355822
0.750488	-0.344727	-0.448242	-51.083969	10.282443	-71.114504	6.367768
0.904297	-0.006104	-0.350098	-26.152672	-21.900763	-113.709924	6.379475
1.238525	0.001709	-0.692871	-42.709924	-10.519084	-100.885496	6.391226
1.253418	-0.250244	-0.769043	-22.488550	2.267176	-92.427481	6.402847
0.902100	0.060547	-0.609863	-36.419847	55.572519	55.259542	6.413950
0.773193	-0.471191	-0.662598	57.564885	110.870229	98.137405	6.426202
0.940674	-0.307373	-0.476562	6.030534	53.885496	34.610687	6.437867
1.119385	-0.446289	-0.437500	-11.015267	34.870229	-38.053435	6.450336
1.149414	-0.477783	-0.312988	-30.893130	-4.022901	-119.381679	6.462644
1.210938	-0.467285	-0.242188	8.038168	-15.000000	-151.656489	6.474534
1.290527	-0.399414	-0.142334	121.251908	12.908397	-71.511450	6.485966
1.142822	-0.391357	-0.197510	147.099237	7.809160	-14.694656	6.498036
1.101807	-0.305664	-0.140137	152.793893	25.511450	-1.282443	6.510153
0.969727	-0.141602	-0.061035	127.923664	26.328244	-27.343511	6.522220
0.949219	-0.141846	-0.059814	106.778626	-3.343511	-39.595420	6.533690
0.999268	-0.158936	-0.011230	119.610687	-43.549618	-52.496183	6.544856
1.124268	-0.165039	0.025391	122.076336	-78.274809	-60.595420	6.556697
1.203857	-0.110352	0.053711	103.885496	-43.946565	-31.564885	6.569311
1.125977	-0.105225	0.031250	88.786260	-18.106870	9.671756	6.581479
1.060059	-0.173340	-0.010742	70.297710	-8.954198	41.862595	6.593131
1.018066	-0.177490	-0.012695	46.389313	-11.564885	57.389313	6.605766
1.016113	-0.252441	-0.085449	39.496183	-38.572519	30.450382	6.617737
1.020752	-0.269043	-0.069580	26.274809	-33.923664	32.610687	6.629315
1.014893	-0.282715	-0.095947	31.007634	-37.618321	25.625954	6.640958
1.025391	-0.287109	-0.155762	28.625954	-17.106870	45.740458	6.652996
1.026611	-0.256348	-0.089600	16.160305	-1.427481	56.656489	6.664780
0.938721	-0.297852	-0.095703	10.000000	3.061069	53.946565	6.676598
0.962646	-0.248779	-0.070068	9.580153	1.083969	47.007634	6.688134
0.947266	-0.257568	-0.073242	10.145038	-8.946565	38.259542	6.700199
0.971436	-0.236572	-0.080322	2.465649	-13.893130	40.335878	6.711475
1.006348	-0.226074	-0.111816	-3.740458	-12.022901	49.114504	6.723471
1.043457	-0.279297	-0.140869	-12.618321	-9.251908	59.648855	6.735005
1.039307	-0.270264	-0.188721	-36.282443	-11.122137	72.854962	6.746698
0.987793	-0.334229	-0.193848	-21.679389	-5.259542	72.450382	6.759030
0.918701	-0.335938	-0.176758	-27.450382	-11.786260	65.786260	6.770867
0.869385	-0.381104	-0.114014	-26.877863	-8.839695	60.053435	6.782539
0.878418	-0.435303	-0.138184	-43.045802	-17.290076	42.190840	6.794261
0.884277	-0.472656	-0.146973	-48.068702	-17.679389	21.442748	6.806321
0.870117	-0.510254	-0.195068	-49.465649	-24.160305	4.587786	6.817902
0.876953	-0.506836	-0.230713	-12.870229	-16.992366	-4.297710	6.829570
1.130615	-0.531982	-0.347900	-5.412214	-5.625954	-3.572519	6.841247
0.985840	-0.541992	-0.264893	50.526718	50.824427	112.534351	6.853372
0.720703	-0.408203	-0.225586	63.961832	-7.854962	33.984733	6.865262
0.880127	-0.385010	-0.197266	88.114504	-9.992366	19.229008	6.876932
0.860107	-0.340820	-0.220459	49.938931	15.526718	12.022901	6.888938
0.817383	-0.336670	-0.188477	63.511450	27.534351	24.740458	6.901019
0.763672	-0.344482	-0.189941	99.969466	-2.969466	15.122137	6.913012
0.778076	-0.296143	-0.170654	101.267176	-14.748092	0.648855	6.924728
0.786865	-0.271240	-0.175293	80.236641	-12.061069	-9.488550	6.936427
0.765381	-0.270264	-0.176758	83.969466	-10.755725	-8.137405	6.948309
0.732910	-0.264404	-0.188965	91.572519	-17.679389	-7.442748	6.960319
0.687744	-0.247559	-0.225342	72.954198	-34.732824	-21.045802	6.974376
0.788330	-0.166016	-0.283691	29.396947	-55.175573	-62.824427	6.986744
0.986572	-0.144287	-0.318604	35.847328	-64.267176	-78.404580	6.998349
1.183838	-0.013184	-0.311768	43.503817	-59.900763	-77.793893	7.010320
1.175781	0.111572	-0.215332	37.473282	-19.320611	-55.732824	7.021258
0.924561	-0.179688	0.059326	-6.045802	18.320611	-15.839695	7.033567
0.841553	-1.242676	-0.200928	-164.412214	33.832061	2.679389	7.045154
1.383301	-1.733643	-1.069824	-170.427481	-6.152672	-65.412214	7.057460
1.766113	-0.773926	-0.554932	-16.870229	-67.503817	-65.000000	7.069042
1.407471	-0.385010	-0.088867	72.923664	-52.297710	2.122137	7.080049
0.931641	-0.105713	-0.179443	46.709924	47.435115	61.603053	7.090687
0.346436	0.175537	-0.330078	41.862595	102.427481	86.251908	7.101309
0.157227	0.381348	-0.345215	118.396947	81.007634	67.755725	7.113196
0.372803	0.451172	-0.148438	71.503817	16.992366	13.671756	7.125335
0.756104	0.094727	-0.308350	-64.519084	-34.748092	-59.816794	7.137090
1.076904	-0.344238	-0.611328	-163.450382	-57.839695	-143.801527	7.148826
1.515625	-0.842773	-0.853271	-194.984733	-70.862595	-174.358779	7.161452
