0.983398	-0.382812	0.057373	-1.610687	-0.030534	0.328244	0.003247
0.980225	-0.370605	0.050049	-0.671756	0.198473	0.854962	0.013944
0.988281	-0.376221	0.042969	0.671756	0.030534	1.603053	0.024355
0.985840	-0.366943	0.061523	0.656489	-0.213740	2.381679	0.034393
0.998535	-0.368164	0.062988	-1.488550	0.206107	1.687023	0.044826
1.010742	-0.382324	0.065186	-3.526718	-0.465649	-0.465649	0.054901
1.017334	-0.382324	0.080566	-4.328244	-0.908397	-2.419847	0.064910
1.014648	-0.388428	0.079834	-4.503817	0.312977	-3.954198	0.075057
1.013916	-0.398438	0.080322	-5.259542	0.450382	-4.961832	0.085042
0.999023	-0.406738	0.062988	-4.251908	1.671756	-4.290076	0.095090
1.001953	-0.401367	0.066895	-4.786260	1.671756	-4.038168	0.105060
1.001953	-0.402100	0.062500	-6.931298	0.847328	-4.190840	0.115207
0.980225	-0.397461	0.051514	-5.633588	1.053435	-2.129771	0.125197
0.975586	-0.389893	0.049805	-4.297710	2.175573	-0.022901	0.135281
0.945312	-0.384521	0.041016	-4.366412	1.625954	0.603053	0.145249
0.940430	-0.383301	0.035889	-2.526718	2.664122	1.961832	0.155206
0.931885	-0.375488	0.055420	-1.877863	2.847328	3.030534	0.165194
0.920166	-0.366455	0.042969	-2.198473	3.122137	3.839695	0.175279
0.917725	-0.355225	0.056641	-3.778626	1.022901	2.641221	0.185251
0.921875	-0.353516	0.048096	-0.534351	-1.687023	2.786260	0.195310
0.941406	-0.358398	0.044189	1.519084	-2.534351	2.755725	0.205267
0.948242	-0.340576	0.060547	3.068702	0.236641	1.961832	0.216000
0.938477	-0.337402	0.057129	2.244275	2.748092	0.328244	0.228565
0.949219	-0.348389	0.064209	2.564885	-1.259542	-2.961832	0.240283
0.958984	-0.369385	0.065430	8.229008	-5.236641	-2.725191	0.252193
0.977783	-0.380371	0.075928	6.595420	-3.984733	-2.862595	0.264339
0.998779	-0.386230	0.060059	1.969466	-1.496183	-3.610687	0.276113
0.999756	-0.402832	0.071533	2.778626	-0.793893	-1.862595	0.287894
0.990479	-0.399170	0.085693	0.251908	0.366412	-0.557252	0.299469
0.989990	-0.399414	0.050293	-0.236641	-1.763359	0.030534	0.311703
0.992920	-0.392334	0.072998	2.366412	-1.755725	2.290076	0.323512
0.991943	-0.382568	0.061523	0.816794	-1.923664	0.000000	0.335126
0.999756	-0.379639	0.052979	2.458015	-2.938931	1.740458	0.346929
1.009766	-0.373047	0.052002	5.603053	-4.824427	1.427481	0.358500
1.017090	-0.377930	0.051270	5.251908	-6.580153	0.152672	0.370810
1.008545	-0.376953	0.076416	4.267176	-5.656489	-0.732824	0.382360
1.003662	-0.374268	0.072754	2.824427	-5.114504	-1.923664	0.394179
0.997070	-0.370605	0.058350	2.251908	-4.854962	-1.824427	0.405760
0.987549	-0.377930	0.041748	2.221374	-4.450382	-0.969466	0.417855
0.976318	-0.374023	0.037598	3.068702	-3.519084	0.534351	0.429749
0.967285	-0.363037	0.044678	4.221374	-2.633588	2.816794	0.441794
0.963379	-0.369873	0.034668	4.274809	-2.099237	4.267176	0.453666
0.961914	-0.360352	0.039062	4.435115	-2.221374	5.496183	0.465367
0.961670	-0.354492	0.038330	5.832061	-1.496183	5.320611	0.477149
0.965332	-0.348145	0.038330	3.305344	-2.000000	4.709924	0.488663
0.963623	-0.350586	0.035889	4.045802	-0.809160	4.480916	0.499539
0.963867	-0.352051	0.038574	2.328244	0.778626	3.305344	0.512112
0.973633	-0.346191	0.031250	2.908397	0.549618	1.923664	0.523959
0.981934	-0.342529	0.040527	4.862595	-1.832061	1.160305	0.535761
0.997803	-0.330811	0.031982	3.984733	-0.541985	0.870229	0.547347
0.995361	-0.330078	0.038818	1.053435	2.343511	-0.618321	0.559372
0.992188	-0.340332	0.033203	-0.480916	3.122137	-1.633588	0.571557
0.998779	-0.353760	0.042969	-0.320611	2.809160	-1.916031	0.583375
0.984863	-0.368164	0.044678	-1.419847	2.076336	-2.030534	0.594951
0.992676	-0.388184	0.050781	-2.549618	2.610687	-3.511450	0.606934
0.991455	-0.400146	0.050049	-3.343511	1.068702	-4.351145	0.618943
0.992920	-0.407471	0.031738	-3.335878	-0.007634	-4.755725	0.630788
0.985352	-0.404785	0.040771	-2.221374	-3.541985	-3.847328	0.642602
1.002930	-0.390625	0.035889	-1.328244	-0.030534	-0.236641	0.654441
1.000977	-0.396484	0.041504	-3.274809	0.000000	-0.664122	0.666246
1.004639	-0.406738	0.038086	-2.068702	1.671756	-0.419847	0.677792
0.998535	-0.409180	0.042480	1.160305	-1.000000	-0.648855	0.689863
0.992188	-0.412842	0.042969	1.618321	-2.755725	-0.045802	0.701038
0.970703	-0.405273	0.050537	-0.511450	-1.938931	0.549618	0.714257
0.954346	-0.408203	0.033203	-0.679389	-1.916031	1.992366	0.726183
0.951172	-0.390381	0.044189	-0.458015	-1.366412	3.114504	0.738293
0.964844	-0.384766	0.037109	1.816794	-1.984733	4.229008	0.750053
0.959961	-0.373291	0.022461	6.366412	-4.015267	4.648855	0.761932
0.963623	-0.361572	0.036621	3.335878	-0.687023	2.503817	0.772832
0.969482	-0.361572	0.042236	4.717557	-1.748092	1.809160	0.782911
0.975586	-0.364990	0.052002	9.984733	-4.480916	2.641221	0.794849
0.980957	-0.372803	0.058105	5.038168	-1.824427	0.007634	0.806799
0.995361	-0.378662	0.050293	4.190840	-0.984733	-0.763359	0.818870
0.982910	-0.388672	0.045654	5.969466	-2.114504	1.946565	0.830726
0.983643	-0.393066	0.053955	3.816794	-0.267176	-0.022901	0.842583
0.985352	-0.376465	0.031006	5.938931	-0.053435	1.572519	0.853823
0.976074	-0.391846	0.044434	8.480916	-1.045802	2.900763	0.866014
0.986328	-0.375977	0.056152	6.862595	1.030534	4.213740	0.877521
0.991455	-0.367920	0.052979	5.022901	2.358779	4.770992	0.889545
0.990234	-0.373779	0.064453	6.320611	0.816794	5.221374	0.901256
1.004883	-0.382080	0.058594	6.740458	-0.137405	3.694656	0.913376
0.999756	-0.373047	0.067383	5.473282	0.152672	1.625954	0.925159
1.000977	-0.382080	0.064941	3.412214	0.114504	-0.595420	0.937049
0.999268	-0.388184	0.068115	3.442748	-1.870229	-1.786260	0.948862
1.006348	-0.390625	0.062744	3.679389	-2.137405	-1.190840	0.960884
1.008789	-0.381104	0.063965	1.351145	-1.183206	-1.099237	0.975193
1.001953	-0.382080	0.068604	-0.473282	0.160305	-0.526718	0.987297
0.995850	-0.383545	0.060547	-0.114504	0.297710	0.366412	0.999442
0.994873	-0.380371	0.055420	-0.389313	1.816794	0.656489	1.011543
0.986328	-0.392090	0.049561	-0.946565	1.625954	0.801527	1.023079
0.990479	-0.392090	0.054443	-1.251908	1.152672	-0.083969	1.034806
0.981934	-0.399170	0.062500	-0.702290	-0.816794	-0.473282	1.047413
0.969727	-0.393066	0.062012	2.473282	1.519084	0.809160	1.058989
0.965576	-0.383301	0.067871	-0.854962	4.122137	-1.206107	1.071214
0.951416	-0.390381	0.064697	1.152672	3.022901	0.885496	1.082898
0.939941	-0.370361	0.077148	-1.549618	3.473282	1.091603	1.094671
0.953857	-0.380371	0.054932	1.137405	2.511450	3.389313	1.106367
0.934570	-0.364258	0.056641	0.916031	-0.183206	1.870229	1.118450
0.953125	-0.346924	0.078369	-0.152672	3.671756	3.152672	1.130267
0.963867	-0.352539	0.072510	1.290076	1.603053	3.877863	1.142023
0.949463	-0.359131	0.068604	-0.854962	0.977099	2.931298	1.153751
0.968018	-0.356689	0.071289	-1.267176	5.297710	3.618321	1.165678
0.989502	-0.370361	0.067627	-0.343511	1.290076	3.648855	1.177285
0.982178	-0.380371	0.081787	-2.648855	-0.106870	2.213740	1.189094
1.005127	-0.383789	0.085205	-1.748092	4.290076	2.137405	1.199361
1.007324	-0.393799	0.094482	-1.114504	3.145038	1.465649	1.209785
0.969971	-0.401855	0.091309	-4.404580	2.106870	-1.595420	1.219764
0.982178	-0.407227	0.097168	-1.145038	5.259542	0.458015	1.230176
0.982910	-0.409424	0.085938	-2.183206	3.847328	1.778626	1.240343
0.953857	-0.408447	0.095215	-7.778626	1.587786	0.580153	1.250960
0.972412	-0.408936	0.103027	-6.633588	5.916031	3.167939	1.260893
0.960693	-0.423340	0.098877	-7.091603	2.648855	3.358779	1.271626
0.933594	-0.415527	0.091309	-8.038168	2.664122	2.770992	1.281961
0.946045	-0.406006	0.079102	-5.198473	4.312977	4.167939	1.292487
0.917725	-0.400879	0.070557	-6.862595	1.213740	3.190840	1.302599
0.919678	-0.393066	0.076172	-2.625954	4.099237	4.656489	1.313032
0.918945	-0.382080	0.082275	-3.129771	0.748092	3.290076	1.323311
0.922852	-0.371094	0.086182	0.091603	1.595420	4.145038	1.333574
0.924316	-0.371826	0.083008	-0.045802	0.122137	1.763359	1.343918
0.939453	-0.368408	0.082275	0.587786	0.061069	0.977099	1.354270
0.951416	-0.361328	0.078369	0.648855	-1.175573	-0.580153	1.364430
0.974121	-0.379150	0.084717	1.389313	-1.587786	-0.969466	1.374876
0.981934	-0.391602	0.093262	0.923664	-2.038168	-1.015267	1.385870
0.987793	-0.391113	0.093262	-0.007634	-0.717557	-0.259542	1.396686
0.977539	-0.396484	0.087402	-0.702290	-0.702290	-0.320611	1.406598
0.995117	-0.386475	0.088867	1.305344	-0.244275	1.000000	1.417139
1.006348	-0.386475	0.094727	0.061069	-0.038168	1.053435	1.427601
1.012695	-0.379883	0.088135	-0.083969	1.351145	1.595420	1.438019
1.012939	-0.385254	0.083496	-1.625954	1.870229	2.160305	1.448548
1.017090	-0.381592	0.072266	-1.786260	2.030534	2.664122	1.458719
1.007324	-0.392334	0.078125	-4.755725	0.351145	3.099237	1.469031
1.012451	-0.395020	0.079834	-5.763359	0.687023	4.541985	1.479634
1.002197	-0.408203	0.087402	-8.648855	-0.106870	5.259542	1.489810
1.000244	-0.426514	0.080322	-8.458015	-0.045802	6.175573	1.499938
0.996094	-0.419922	0.080811	-8.122137	-0.755725	6.312977	1.510034
0.978027	-0.408203	0.077637	-7.427481	-0.633588	6.732824	1.520847
0.968506	-0.403564	0.062256	-10.099237	-0.351145	6.297710	1.531013
0.971924	-0.400879	0.063477	-8.480916	2.847328	6.961832	1.541109
0.941406	-0.407715	0.065674	-8.343511	1.305344	6.763359	1.551597
0.928223	-0.405273	0.059082	-8.824427	-0.687023	6.000000	1.562105
0.923828	-0.400635	0.059814	-6.740458	-0.839695	6.984733	1.571759
0.911377	-0.421143	0.054199	-8.061069	-3.618321	5.022901	1.582447
0.898438	-0.417969	0.061768	-10.000000	-3.328244	4.328244	1.592564
0.920166	-0.418213	0.048584	-7.770992	-4.870229	4.152672	1.602307
0.921387	-0.406982	0.062988	-6.412214	-5.755725	4.450382	1.612930
0.927002	-0.408936	0.058350	-4.946565	-4.259542	5.076336	1.623487
0.929688	-0.406982	0.045410	-2.236641	-3.511450	5.076336	1.633780
0.922852	-0.405273	0.059082	-0.061069	-1.954198	4.648855	1.644050
0.942383	-0.402344	0.072998	1.702290	-2.610687	3.595420	1.654663
0.954834	-0.416748	0.074463	3.206107	-2.793893	3.030534	1.664699
0.950195	-0.426758	0.075439	3.748092	-2.480916	3.404580	1.674685
0.958008	-0.424561	0.086182	3.259542	-0.885496	3.519084	1.684877
0.957275	-0.425537	0.068604	-2.290076	-2.343511	2.099237	1.695437
0.947754	-0.420166	0.055176	-1.664122	-3.229008	3.557252	1.705711
0.956055	-0.413574	0.064697	-1.335878	-4.885496	4.206107	1.715679
0.974121	-0.400635	0.064453	-1.480916	-4.496183	4.656489	1.725826
0.996094	-0.393555	0.077148	2.740458	-3.259542	3.923664	1.736172
1.011230	-0.393311	0.082764	3.374046	-3.969466	5.213740	1.746404
1.020752	-0.374756	0.088867	-0.435115	-3.900763	2.702290	1.756628
1.032471	-0.375977	0.074951	0.992366	-2.053435	4.244275	1.766484
1.001709	-0.383545	0.092285	-4.160305	-1.763359	2.839695	1.775881
0.997559	-0.397705	0.078125	-11.389313	-0.145038	0.740458	1.786739
1.010986	-0.413330	0.067383	-9.389313	-0.083969	1.847328	1.796766
0.981934	-0.418213	0.063477	-11.244275	-5.267176	1.343511	1.807059
0.969238	-0.414795	0.077393	-11.229008	-1.053435	2.900763	1.817192
0.986328	-0.421875	0.065918	-16.694656	3.786260	1.274809	1.827779
0.956055	-0.423340	0.044434	-16.236641	0.595420	3.297710	1.838165
0.948242	-0.420410	0.039795	-15.709924	1.106870	2.305344	1.848433
0.948242	-0.417969	0.029297	-14.450382	-3.358779	1.610687	1.858585
0.951660	-0.416016	0.025146	-11.000000	0.534351	3.854962	1.869084
0.934082	-0.428223	0.030762	-11.832061	0.702290	3.358779	1.879163
0.930420	-0.432861	0.032471	-12.190840	0.969466	2.732824	1.889831
0.927490	-0.433838	0.028320	-10.274809	-1.816794	2.129771	1.899915
0.937744	-0.434326	0.025146	-7.435115	-3.740458	2.312977	1.910220
0.942627	-0.438721	0.014893	-4.442748	-4.328244	2.076336	1.920032
0.944336	-0.439453	0.034668	-2.358779	-2.763359	1.610687	1.930476
0.940674	-0.438965	0.019287	-0.236641	-1.656489	1.045802	1.940575
0.946777	-0.427979	0.020508	1.541985	-1.618321	0.641221	1.950827
0.941650	-0.424072	0.034180	3.129771	-2.030534	-0.083969	1.961521
0.942871	-0.423828	0.023682	4.267176	-2.465649	-0.450382	1.971644
0.948730	-0.423096	0.025635	4.938931	-2.862595	-0.954198	1.981577
0.956299	-0.424561	0.032959	6.335878	-2.885496	-2.038168	1.992212
0.963135	-0.427979	0.029297	6.763359	-4.709924	-3.030534	2.002409
0.967529	-0.420898	0.040039	6.412214	-6.221374	-3.442748	2.013217
0.966309	-0.405762	0.042236	8.221374	-5.229008	-3.549618	2.023290
0.956299	-0.413574	0.032227	6.496183	-3.381679	-4.335878	2.033962
0.957764	-0.407959	0.047852	7.503817	-2.366412	-2.763359	2.044517
0.964355	-0.408203	0.045166	7.213740	-3.458015	-0.908397	2.054001
0.964600	-0.417236	0.051270	6.671756	-3.305344	0.030534	2.064130
0.968262	-0.421143	0.056152	4.427481	-2.664122	-1.137405	2.074963
0.979004	-0.422852	0.042480	4.694656	-2.396947	-0.664122	2.085286
0.966553	-0.413818	0.052490	4.229008	-2.534351	-1.053435	2.095667
0.958984	-0.417725	0.041748	4.236641	-3.076336	-1.435115	2.106022
0.976318	-0.421143	0.050049	4.549618	-3.274809	-1.229008	2.116456
0.969238	-0.398682	0.041748	4.297710	-2.793893	-1.603053	2.126375
0.961182	-0.399170	0.033203	2.526718	-1.465649	-1.374046	2.136713
0.955078	-0.392334	0.045166	0.167939	-2.206107	-1.175573	2.147077
0.961670	-0.390625	0.026123	-0.702290	-4.488550	-1.099237	2.157210
0.916748	-0.398926	0.022949	1.702290	-6.343511	0.145038	2.168001
0.948730	-0.383545	0.036377	5.427481	-0.877863	0.549618	2.178000
0.944336	-0.404785	0.023926	0.702290	-0.366412	-0.839695	2.188321
0.933350	-0.404297	0.009277	3.526718	-4.687023	-1.083969	2.198540
0.958252	-0.385254	0.020752	5.549618	-9.045802	-0.832061	2.208797
0.958740	-0.392090	0.030029	8.916031	-9.083969	1.053435	2.219071
0.955322	-0.393555	0.038086	13.793893	-5.870229	2.259542	2.229101
0.941650	-0.366455	0.061279	3.404580	3.770992	-1.290076	2.239540
0.962402	-0.389648	0.028320	11.328244	-2.671756	1.442748	2.249567
0.962402	-0.363281	0.038086	13.198473	-6.587786	1.931298	2.259977
0.971924	-0.363525	0.053955	3.343511	-6.473282	-1.389313	2.270486
1.010742	-0.378906	0.045654	6.175573	-6.946565	-0.160305	2.280127
0.989258	-0.387695	0.044922	5.473282	-6.427481	-1.419847	2.290489
1.002441	-0.391357	0.071777	-0.274809	-2.534351	-5.740458	2.299933
0.981934	-0.416992	0.040283	-0.374046	-7.839695	-5.984733	2.309483
0.997070	-0.411621	0.056152	0.633588	-5.709924	-4.908397	2.320165
0.986328	-0.413086	0.028320	0.625954	-8.687023	-5.755725	2.329698
0.974609	-0.396240	0.040283	-1.541985	-2.725191	-5.671756	2.339962
0.969727	-0.382812	0.021729	-0.458015	-2.427481	-5.213740	2.350244
0.943359	-0.379150	0.007568	-1.969466	-2.396947	-4.213740	2.360548
0.945801	-0.373535	0.014893	-3.229008	-0.748092	-3.496183	2.370988
0.944092	-0.370117	-0.007568	-2.938931	-3.801527	-2.961832	2.381315
0.958496	-0.390625	-0.005615	-2.480916	-3.526718	-1.427481	2.391356
0.935547	-0.377441	-0.008057	-1.282443	-4.763359	-0.503817	2.401657
0.957031	-0.369385	-0.003662	-3.000000	-2.847328	-0.129771	2.411972
0.956787	-0.364258	-0.006104	-3.351145	-3.694656	-0.900763	2.422382
0.980225	-0.362549	-0.008545	-1.908397	-2.900763	-0.763359	2.432514
0.989990	-0.354248	-0.016357	-2.297710	-3.167939	-1.977099	2.442740
0.993164	-0.352783	-0.022705	-3.572519	-0.595420	-2.007634	2.452897
1.008545	-0.346680	-0.011230	-3.053435	-1.854962	-5.091603	2.463064
0.994629	-0.355469	-0.035889	-3.732824	-1.900763	-6.885496	2.473598
1.002441	-0.358643	-0.020020	-0.595420	-2.335878	-5.496183	2.484133
1.034668	-0.356934	-0.018555	-0.244275	-2.038168	-5.152672	2.494192
1.020996	-0.371338	-0.016357	-3.931298	-1.374046	-6.320611	2.503743
1.032227	-0.381348	-0.029053	-1.175573	-1.343511	-5.229008	2.514437
1.025879	-0.396729	-0.015137	-0.312977	0.129771	-4.343511	2.524894
1.018311	-0.400146	-0.009521	-1.435115	0.931298	-5.038168	2.534903
1.017578	-0.411377	-0.012939	1.068702	0.442748	-3.732824	2.545355
1.013184	-0.413818	-0.003174	2.496183	0.763359	-2.793893	2.555386
1.014404	-0.411133	0.000732	2.809160	0.572519	-2.160305	2.565583
1.015869	-0.394043	0.008057	4.488550	1.297710	-0.954198	2.576169
1.008301	-0.378174	0.021973	4.404580	-0.122137	-0.648855	2.586443
1.010010	-0.369873	0.028320	3.656489	-0.206107	-0.267176	2.596305
1.009521	-0.368164	0.038818	3.893130	0.152672	0.106870	2.606748
1.013672	-0.367188	0.026855	0.022901	0.534351	0.007634	2.616955
1.019287	-0.387451	0.025391	-1.740458	0.503817	0.664122	2.627160
1.017334	-0.390381	0.026855	-4.167939	1.038168	1.763359	2.637152
1.020508	-0.412109	0.021973	-6.671756	2.236641	2.526718	2.648275
1.028809	-0.414795	0.022949	-7.007634	3.709924	2.755725	2.658527
0.994141	-0.425781	0.021973	-7.328244	4.801527	2.206107	2.669004
0.968018	-0.422607	0.021240	-5.709924	4.832061	1.549618	2.679741
0.973633	-0.415771	0.018555	-2.763359	4.022901	0.702290	2.689659
0.958008	-0.401123	0.031738	-3.618321	6.259542	-1.053435	2.699075
0.958496	-0.396240	0.027344	-3.519084	4.030534	-2.335878	2.709500
0.969727	-0.384033	0.022949	-0.106870	3.145038	-1.114504	2.719958
0.955322	-0.382812	0.030273	1.152672	1.824427	-0.938931	2.730149
0.959229	-0.374268	0.031738	0.106870	2.770992	-1.709924	2.739678
0.942383	-0.374512	0.021973	0.175573	3.213740	-1.458015	2.750846
0.930176	-0.367920	0.040527	2.694656	2.816794	0.229008	2.760811
0.926025	-0.364746	0.047363	3.740458	2.625954	1.183206	2.771195
0.919434	-0.364014	0.047607	1.664122	2.351145	1.358779	2.781588
0.921875	-0.372070	0.045410	3.488550	1.793893	3.847328	2.791923
0.915771	-0.369629	0.058838	1.580153	1.427481	4.282443	2.801407
0.924805	-0.377686	0.054688	0.190840	0.541985	4.366412	2.812451
0.931152	-0.377930	0.060303	-0.496183	0.786260	4.870229	2.822975
0.955078	-0.377930	0.058105	-3.114504	-0.274809	3.007634	2.833033
0.963135	-0.383545	0.060547	-1.877863	-2.183206	2.900763	2.842823
0.972900	-0.390137	0.066650	-0.374046	-1.366412	2.259542	2.853533
0.995361	-0.391113	0.053223	-0.534351	-0.175573	0.274809	2.863635
1.010254	-0.395264	0.048096	1.061069	-0.732824	-0.503817	2.873860
1.019287	-0.392578	0.071289	1.335878	-0.580153	-1.297710	2.884370
1.017334	-0.406494	0.061768	1.022901	-1.595420	-2.183206	2.894813
1.030762	-0.392822	0.066162	2.755725	3.328244	-0.595420	2.904747
1.012695	-0.395264	0.056641	-3.320611	0.885496	-3.312977	2.915222
1.014160	-0.403320	0.065918	-2.702290	6.122137	-0.763359	2.925425
1.001953	-0.399170	0.054199	-1.503817	4.740458	0.854962	2.935968
0.966064	-0.395264	0.055908	-6.778626	5.106870	-0.519084	2.945745
0.956787	-0.396973	0.042236	-4.450382	5.908397	1.442748	2.956248
0.952148	-0.385498	0.052002	-4.641221	5.961832	1.824427	2.966357
0.930176	-0.384033	0.039795	-0.236641	4.244275	4.038168	2.979673
0.929443	-0.375977	0.048584	-4.320611	2.687023	2.854962	2.990219
0.944092	-0.377686	0.023926	-3.549618	-0.480916	4.320611	3.000137
0.927246	-0.365967	0.037109	-1.954198	0.687023	5.687023	3.010522
0.944824	-0.361084	0.037598	-0.969466	-0.351145	5.473282	3.020437
0.948730	-0.358887	0.040771	0.458015	1.526718	5.328244	3.030921
0.963623	-0.356689	0.036621	0.511450	-0.358779	3.648855	3.040957
0.964844	-0.367432	0.046387	0.694656	-1.328244	1.793893	3.051270
0.977051	-0.380371	0.042236	-0.022901	-1.618321	-0.083969	3.061500
0.972900	-0.391357	0.056396	-1.755725	-1.129771	-1.297710	3.072131
0.977295	-0.406738	0.042480	-2.458015	-1.687023	-1.641221	3.082431
0.975586	-0.416016	0.039551	-2.618321	-2.213740	-1.328244	3.092516
0.978271	-0.419189	0.046387	-3.442748	-2.458015	-0.977099	3.102688
0.971191	-0.429932	0.055908	-3.748092	-1.709924	0.229008	3.112848
0.968750	-0.430176	0.053223	-4.152672	0.328244	1.137405	3.123348
0.960693	-0.424072	0.042236	-3.473282	0.259542	2.045802	3.133644
0.955078	-0.427734	0.034180	-3.137405	0.374046	2.450382	3.143814
0.956543	-0.422119	0.031982	-1.442748	-0.786260	3.137405	3.153853
0.952148	-0.420410	0.033936	0.190840	-1.175573	3.427481	3.164360
0.954590	-0.407471	0.039795	0.068702	-0.946565	2.633588	3.174769
0.958984	-0.409424	0.034424	1.984733	-0.778626	2.328244	3.185085
0.957520	-0.402588	0.036133	3.152672	-1.969466	0.961832	3.195127
0.956055	-0.399170	0.046631	5.007634	-3.007634	0.503817	3.204979
0.964111	-0.381836	0.035645	5.267176	-3.175573	-0.549618	3.216053
0.968018	-0.375000	0.047363	4.465649	-0.992366	-0.694656	3.226687
0.968750	-0.374512	0.041016	3.809160	-0.435115	-0.374046	3.237545
0.967529	-0.359619	0.046631	5.213740	-0.152672	-0.427481	3.247592
0.967529	-0.365967	0.035400	4.893130	-0.954198	-0.320611	3.258164
0.973389	-0.376465	0.035400	5.450382	-1.977099	0.267176	3.268923
0.962891	-0.373047	0.055420	3.847328	-2.206107	0.519084	3.279659
0.986572	-0.372070	0.068115	2.114504	-1.442748	0.503817	3.289968
1.001709	-0.380859	0.043945	2.618321	-2.404580	1.557252	3.300344
0.993652	-0.367676	0.036621	2.549618	-1.358779	2.206107	3.310590
1.021240	-0.379395	0.060059	1.740458	-0.396947	1.572519	3.321693
1.012451	-0.389648	0.043945	0.175573	-0.679389	0.923664	3.331641
1.017090	-0.397705	0.051758	3.519084	0.229008	3.290076	3.342005
1.015381	-0.397949	0.061523	-0.343511	0.335878	2.793893	3.352382
1.021973	-0.403564	0.049805	-1.916031	1.229008	3.534351	3.362586
0.989990	-0.389893	0.052734	-3.847328	3.351145	4.068702	3.373326
0.975830	-0.385010	0.044678	-7.725191	2.351145	2.351145	3.383761
0.984131	-0.387695	0.049316	-6.946565	1.427481	4.297710	3.394138
0.953369	-0.375488	0.039307	-9.038168	-2.015267	3.030534	3.404642
0.944824	-0.382568	0.044434	-6.961832	2.229008	5.244275	3.414756
0.936523	-0.391846	0.036377	-10.061069	4.122137	4.305344	3.425554
0.928223	-0.398193	0.025635	-8.412214	1.969466	4.076336	3.435706
0.939209	-0.395264	0.031982	-6.725191	0.206107	3.503817	3.446005
0.950439	-0.406494	0.020020	-4.549618	-3.183206	2.725191	3.456062
0.958252	-0.401367	0.034424	-0.145038	-1.328244	2.778626	3.466654
0.965820	-0.390137	0.037109	-1.335878	-0.015267	-0.305344	3.477153
0.954346	-0.393799	0.034424	-0.687023	0.534351	-1.480916	3.487359
0.954834	-0.386475	0.046875	2.763359	0.007634	-0.916031	3.497781
0.951416	-0.381836	0.041748	2.480916	-0.755725	-3.908397	3.507986
0.958984	-0.379639	0.038330	3.190840	0.396947	-2.114504	3.517937
0.980225	-0.381836	0.045654	5.381679	0.427481	0.427481	3.528368
0.956787	-0.374512	0.042480	3.526718	0.572519	-0.717557	3.538815
0.975830	-0.376709	0.055908	2.297710	1.114504	-1.129771	3.549078
0.980713	-0.378174	0.039062	3.343511	0.244275	0.473282	3.559515
0.985107	-0.381592	0.056641	0.389313	-1.221374	-0.137405	3.569772
1.002930	-0.390381	0.056885	1.244275	-0.732824	1.061069	3.579949
0.982178	-0.385254	0.046387	0.061069	-2.778626	0.190840	3.590046
0.997070	-0.386230	0.061523	0.625954	1.503817	2.511450	3.600682
1.002441	-0.373047	0.040771	0.267176	1.236641	2.374046	3.610814
0.965576	-0.393799	0.051514	-3.748092	-0.687023	1.145038	3.621447
0.964111	-0.388428	0.059570	-2.870229	1.030534	1.992366	3.631903
0.988037	-0.390381	0.038086	-0.725191	0.816794	2.335878	3.642036
0.982910	-0.382812	0.043213	-2.984733	-3.030534	0.083969	3.652353
0.989502	-0.382324	0.050293	-2.824427	1.183206	0.274809	3.662324
0.993164	-0.386230	0.041748	-2.061069	-0.206107	-0.145038	3.672405
0.959473	-0.373291	0.047607	-4.251908	-1.091603	-1.732824	3.682826
0.980957	-0.372803	0.045410	-3.343511	1.977099	-1.267176	3.692464
0.951660	-0.371582	0.029785	-6.618321	0.160305	-3.419847	3.703084
0.952881	-0.368652	0.029541	-5.526718	-1.328244	-3.572519	3.713305
0.965820	-0.375244	0.016113	-4.740458	-0.709924	-3.175573	3.723488
0.963379	-0.374512	0.036377	-4.877863	-1.633588	-2.847328	3.733583
0.954834	-0.377930	0.034180	-5.519084	-1.587786	-3.755725	3.743421
0.968750	-0.374512	0.029541	-4.297710	-3.343511	-4.374046	3.753721
0.960449	-0.376465	0.036133	1.412214	-4.786260	-1.832061	3.763323
0.983398	-0.375977	0.026123	1.694656	-3.381679	-2.328244	3.773105
0.995117	-0.375244	0.029297	-0.076336	-3.442748	-2.229008	3.782369
0.994873	-0.374756	0.033203	4.702290	-2.290076	1.167939	3.791600
0.969482	-0.364502	0.048096	-1.274809	-0.786260	-2.954198	3.801949
0.983398	-0.383301	0.037354	2.992366	-3.549618	-1.366412	3.812701
1.000000	-0.386230	0.038818	2.755725	-6.213740	-0.519084	3.822729
1.004883	-0.379639	0.042236	2.404580	-6.992366	-0.061069	3.833228
1.030518	-0.373047	0.033936	1.045802	-3.671756	-1.053435	3.843619
1.019531	-0.375000	0.030762	-3.000000	-3.496183	-0.305344	3.854105
0.995605	-0.353760	0.033691	-4.343511	-7.557252	-0.969466	3.864176
1.017090	-0.347900	0.031738	-4.725191	-1.969466	1.648855	3.874791
0.977783	-0.351562	0.018799	-4.366412	-11.091603	2.351145	3.885720
1.029297	-0.343750	0.036621	-5.236641	-0.816794	5.580153	3.896009
0.968994	-0.336182	0.019043	-9.984733	-6.305344	2.786260	3.906597
0.985596	-0.343994	0.031006	-12.381679	-0.664122	3.190840	3.916850
0.975098	-0.360596	0.018311	-12.053435	-6.312977	3.412214	3.927149
0.976318	-0.368652	0.023193	-11.969466	-4.671756	4.526718	3.937493
0.954102	-0.377441	0.021973	-15.610687	-2.641221	2.374046	3.948037
0.950928	-0.387451	0.024658	-17.236641	-2.893130	0.717557	3.958150
0.946045	-0.397705	0.021973	-16.213740	-3.961832	0.916031	3.968565
0.950684	-0.388916	0.009766	-14.511450	-4.091603	1.740458	3.978479
0.938721	-0.387939	0.016357	-14.740458	-3.648855	1.885496	3.988971
0.941650	-0.378662	0.003906	-16.480916	-2.625954	2.328244	3.999483
0.930908	-0.368652	-0.018799	-14.000000	-3.259542	1.763359	4.009864
0.916748	-0.359131	-0.007080	-12.312977	-2.992366	1.251908	4.020090
0.911621	-0.344238	-0.017822	-13.671756	-4.503817	1.541985	4.030303
0.917236	-0.341797	-0.017822	-8.793893	-5.419847	2.213740	4.040827
0.904785	-0.309570	-0.020264	-6.381679	-5.564885	3.404580	4.051261
0.906250	-0.289795	-0.010010	-6.839695	-4.954198	4.458015	4.061650
0.914062	-0.291016	-0.015137	-9.648855	-4.519084	6.259542	4.072081
0.920410	-0.302002	0.018066	-10.748092	-5.244275	6.977099	4.082373
0.942139	-0.291016	0.032471	-7.656489	-4.274809	6.564885	4.092525
0.948730	-0.300049	0.018066	-10.770992	-4.091603	4.328244	4.102733
0.968750	-0.314453	-0.005371	-16.618321	-4.969466	2.274809	4.113177
0.950195	-0.326904	0.025635	-21.160305	-4.351145	2.007634	4.123356
0.956787	-0.326660	0.044922	-25.206107	-5.671756	0.748092	4.133564
0.951172	-0.342529	0.037842	-27.190840	-5.213740	-0.282443	4.143501
0.946533	-0.363525	0.044434	-31.519084	-5.083969	-2.480916	4.154016
0.952393	-0.374756	0.010010	-29.977099	-4.732824	-3.167939	4.164266
0.972412	-0.366211	-0.014160	-30.175573	-5.198473	-4.099237	4.174704
1.002197	-0.376221	-0.073242	-31.923664	-5.427481	-4.801527	4.184896
1.016846	-0.388184	-0.086182	-35.534351	-4.786260	-4.595420	4.195154
1.021484	-0.395996	-0.072266	-36.290076	-3.511450	-3.183206	4.205445
1.042725	-0.404541	-0.072266	-33.748092	-1.343511	-1.335878	4.215915
1.039795	-0.416992	-0.058838	-32.152672	0.244275	0.076336	4.226413
1.062256	-0.419189	-0.060791	-27.236641	3.374046	2.954198	4.236509
1.035400	-0.428467	-0.060303	-25.931298	4.908397	4.404580	4.247027
1.029785	-0.424072	-0.057861	-25.007634	6.557252	5.541985	4.257049
1.013672	-0.420410	-0.041016	-24.068702	8.259542	7.183206	4.267548
0.989990	-0.415283	-0.041260	-25.770992	8.679389	8.160305	4.277822
0.981689	-0.405029	-0.040527	-25.786260	7.580153	7.916031	4.288175
0.998291	-0.391602	-0.058350	-24.374046	4.083969	6.534351	4.298582
1.010742	-0.385986	-0.061279	-22.381679	1.091603	5.206107	4.308880
1.017334	-0.385742	-0.070557	-21.595420	-0.236641	4.404580	4.319436
1.004150	-0.380371	-0.068359	-20.916031	-0.503817	4.022901	4.329592
0.994629	-0.377686	-0.065918	-19.778626	-0.503817	4.854962	4.339777
0.989258	-0.382080	-0.073975	-20.221374	-0.152672	5.709924	4.350005
0.988037	-0.380371	-0.071045	-20.946565	0.465649	6.351145	4.360525
0.976318	-0.380615	-0.072510	-20.618321	0.297710	6.610687	4.370903
0.972656	-0.402100	-0.052979	-16.274809	-0.770992	5.885496	4.380848
0.971924	-0.433350	-0.067139	-11.038168	-2.251908	5.297710	4.391350
0.953613	-0.449219	-0.046631	-7.450382	-3.977099	7.305344	4.401487
0.932617	-0.452881	0.000000	-2.793893	-6.954198	12.519084	4.411594
0.912354	-0.433105	0.041748	4.801527	-11.167939	19.984733	4.422019
0.914307	-0.402344	0.054199	10.580153	-16.335878	25.114504	4.432325
0.897949	-0.318604	0.036621	11.832061	-18.496183	28.358779	4.442693
0.887451	-0.105469	0.020752	3.809160	-23.282443	34.022901	4.453036
0.813477	-0.275879	-0.143066	-10.167939	-15.526718	36.702290	4.463323
0.788574	-0.320801	-0.095215	-12.679389	-20.083969	37.496183	4.473559
0.825195	-0.369385	-0.067383	-11.129771	-28.458015	41.519084	4.483785
0.812988	-0.425781	0.001709	-4.977099	-35.007634	36.954198	4.494186
0.894775	-0.352783	0.025391	4.679389	-40.022901	32.908397	4.504879
0.868652	-0.304199	0.007324	10.832061	-33.259542	26.519084	4.514982
0.791504	-0.212891	-0.018311	9.946565	-26.396947	22.328244	4.525669
0.705322	-0.133057	-0.085449	0.725191	-17.656489	24.763359	4.536245
0.704346	-0.088867	-0.120850	-13.236641	-13.358779	30.977099	4.546347
0.777344	-0.132324	-0.148926	-26.404580	-13.099237	36.893130	4.556590
0.893066	-0.251465	-0.143799	-39.534351	-19.618321	33.557252	4.567327
1.008301	-0.382080	-0.127686	-47.511450	-21.580153	23.290076	4.577546
1.052002	-0.499268	-0.119385	-48.580153	-19.396947	11.664122	4.588191
1.030029	-0.582520	-0.120361	-41.587786	-18.267176	-2.618321	4.598620
1.009521	-0.630859	-0.136230	-33.603053	-28.366412	-13.870229	4.608905
0.974854	-0.641602	-0.125488	-17.580153	-26.419847	-13.595420	4.618694
0.956787	-0.615479	-0.139404	-12.580153	-25.412214	-15.839695	4.628181
0.952881	-0.554932	-0.199707	-10.022901	-28.114504	-13.671756	4.638860
0.958740	-0.492432	-0.220215	1.251908	-20.679389	-3.519084	4.649021
0.930664	-0.440918	-0.233398	0.587786	-16.000000	1.083969	4.659035
0.959473	-0.395752	-0.267090	-7.770992	-11.572519	5.213740	4.669358
0.972412	-0.398438	-0.270264	-17.167939	-10.045802	8.038168	4.679554
0.995605	-0.429199	-0.299316	-30.206107	-12.541985	8.274809	4.689634
1.049805	-0.472412	-0.305176	-40.526718	-13.587786	9.374046	4.699317
1.073242	-0.534180	-0.316406	-44.381679	-9.595420	9.709924	4.708600
1.072754	-0.595459	-0.295898	-47.732824	-4.160305	7.335878	4.718615
1.027344	-0.668213	-0.272705	-47.152672	1.648855	3.854962	4.728573
0.960449	-0.716797	-0.256348	-37.969466	2.687023	-2.809160	4.739277
0.907227	-0.713623	-0.260498	-29.137405	-2.893130	-6.114504	4.749393
0.876709	-0.680908	-0.267578	-11.381679	-8.671756	-5.549618	4.759347
0.865967	-0.625488	-0.258057	2.015267	-12.687023	-1.213740	4.769574
0.848633	-0.552734	-0.273193	14.389313	-14.175573	3.595420	4.780196
0.849854	-0.502197	-0.281006	21.778626	-13.442748	10.496183	4.790166
0.863281	-0.377930	-0.096436	8.236641	-9.534351	16.076336	4.800517
0.877930	-0.433350	-0.270020	18.664122	-11.687023	20.290076	4.810886
0.898926	-0.432861	-0.238525	16.312977	-12.511450	22.824427	4.821122
0.896484	-0.444092	-0.207764	16.885496	-15.885496	21.770992	4.831852
0.912354	-0.467041	-0.188965	17.931298	-21.488550	18.259542	4.842047
0.914551	-0.481934	-0.148926	19.061069	-21.244275	14.198473	4.852595
0.912354	-0.485840	-0.144531	19.572519	-23.381679	8.847328	4.862617
0.899414	-0.460693	-0.145508	23.839695	-23.702290	6.709924	4.872935
0.871338	-0.449707	-0.156006	20.977099	-24.160305	3.725191	4.883361
0.873047	-0.427979	-0.164795	19.679389	-22.984733	3.595420	4.893463
0.866699	-0.398193	-0.172852	15.938931	-21.068702	4.885496	4.903844
0.873291	-0.381104	-0.173096	10.824427	-18.603053	7.687023	4.914062
0.881348	-0.370117	-0.190186	8.389313	-15.183206	11.183206	4.924217
0.895996	-0.369141	-0.196289	7.496183	-10.908397	14.816794	4.935009
0.875000	-0.362061	-0.183594	2.786260	-9.015267	15.251908	4.944967
0.869629	-0.367676	-0.214355	-3.404580	-6.038168	14.885496	4.955313
0.855225	-0.362305	-0.215820	-7.748092	-1.244275	14.282443	4.965486
0.849854	-0.363525	-0.299561	-14.312977	3.282443	8.435115	4.978609
0.833252	-0.402100	-0.312012	-29.099237	7.633588	2.725191	4.988856
0.739990	-0.400146	-0.307861	-48.099237	11.580153	-2.122137	4.999388
0.719482	-0.395508	-0.303955	-45.297710	13.564885	-6.274809	5.009620
0.690674	-0.486572	-0.317139	-41.847328	11.099237	-11.801527	5.019548
0.709473	-0.594727	-0.365967	-36.465649	2.419847	-14.442748	5.030110
0.791504	-0.660889	-0.395752	-28.091603	-4.687023	-12.290076	5.040450
0.913818	-0.663086	-0.356934	-22.534351	-15.305344	-11.381679	5.050394
1.004639	-0.681641	-0.214600	-12.534351	-22.244275	-12.900763	5.060708
1.048096	-0.730225	-0.070068	4.381679	-16.687023	-18.580153	5.071095
1.011230	-0.733887	-0.075684	11.496183	-1.022901	-23.419847	5.081242
0.925537	-0.666748	-0.159912	9.450382	10.908397	-25.305344	5.091637
0.896484	-0.597656	-0.204102	12.549618	6.961832	-23.473282	5.101957
0.959717	-0.518311	-0.246582	18.396947	-4.671756	-18.183206	5.112460
1.100830	-0.394287	-0.263428	23.832061	-13.106870	-11.167939	5.123130
1.250977	-0.302246	-0.291260	14.847328	-17.030534	-8.687023	5.134003
1.369629	-0.264404	-0.346191	3.526718	-11.282443	-7.488550	5.144366
1.371338	-0.258545	-0.354248	-2.732824	2.450382	-9.488550	5.154209
1.280762	-0.295410	-0.345947	-6.977099	16.114504	-12.816794	5.164541
1.178223	-0.324219	-0.355225	-16.137405	24.022901	-16.038168	5.174540
1.111328	-0.379883	-0.382568	-23.748092	27.229008	-15.656489	5.185301
1.057373	-0.482178	-0.381104	-22.778626	26.061069	-15.450382	5.195728
0.991943	-0.559082	-0.402588	-20.236641	25.381679	-12.213740	5.206190
0.966309	-0.591797	-0.384277	-19.473282	17.412214	-9.687023	5.216707
0.925049	-0.601807	-0.416504	-12.603053	14.458015	-3.725191	5.227376
0.915771	-0.557861	-0.416016	-4.389313	17.885496	2.931298	5.237987
0.879395	-0.545898	-0.414062	7.427481	18.778626	6.374046	5.248140
0.876953	-0.505127	-0.376465	19.824427	22.541985	10.038168	5.257670
0.838379	-0.486816	-0.333252	28.282443	23.992366	6.732824	5.268105
0.842529	-0.492432	-0.277832	32.007634	20.786260	1.618321	5.277906
0.892822	-0.458252	-0.259521	42.557252	21.885496	-4.389313	5.288558
0.935791	-0.450928	-0.232910	44.916031	20.328244	-13.183206	5.298927
0.960693	-0.431641	-0.242676	46.358779	18.725191	-24.305344	5.309090
0.992676	-0.480225	-0.229736	46.129771	16.656489	-35.061069	5.319625
0.950195	-0.341553	-0.196533	46.389313	15.793893	-40.900763	5.329999
0.944580	-0.364990	-0.189209	62.992366	21.099237	-44.587786	5.340378
0.928955	-0.268799	-0.152588	64.526718	23.358779	-45.931298	5.350721
0.912109	-0.328125	-0.194092	54.717557	24.122137	-46.229008	5.360912
0.934570	-0.402100	-0.217041	49.427481	23.419847	-47.236641	5.371126
0.927002	-0.348389	-0.177734	34.160305	20.816794	-46.083969	5.381630
0.904785	-0.306396	-0.139160	32.480916	27.236641	-43.687023	5.391807
0.881592	-0.394043	-0.162109	41.167939	37.717557	-48.687023	5.402137
0.904785	-0.291016	-0.128906	44.885496	41.503817	-50.885496	5.412151
0.888672	-0.241699	-0.094238	44.251908	32.671756	-46.893130	5.422429
0.897949	-0.246094	-0.069336	36.946565	24.763359	-46.877863	5.432732
0.861816	-0.252930	-0.062500	32.984733	28.404580	-50.435115	5.443053
0.828125	-0.260254	-0.067871	28.908397	35.183206	-57.961832	5.453381
0.785889	-0.275146	-0.086182	21.320611	37.580153	-65.946565	5.463504
0.805420	-0.302490	-0.102783	21.038168	35.106870	-68.816794	5.473992
0.783691	-0.334717	-0.093018	20.717557	35.572519	-69.931298	5.484446
0.757324	-0.372314	-0.082764	15.000000	35.083969	-75.435115	5.494704
0.691162	-0.387939	-0.033447	10.412214	32.488550	-85.503817	5.504784
0.686279	-0.395752	-0.002930	3.366412	28.160305	-90.648855	5.514931
0.688477	-0.429199	-0.029297	-2.412214	14.694656	-96.160305	5.525086
0.733154	-0.491455	-0.015625	-2.541985	14.190840	-89.687023	5.535604
1.084961	-0.254395	-0.191895	2.320611	-13.061069	-81.908397	5.545973
0.859863	-0.456787	-0.095215	-8.778626	24.381679	-85.877863	5.556228
0.931152	-0.255371	-0.067383	2.763359	3.648855	-87.419847	5.566485
0.938965	-0.172852	-0.046631	2.290076	27.022901	-88.519084	5.576507
0.850830	-0.112061	0.025879	6.396947	47.816794	-88.519084	5.587016
0.894531	-0.036377	0.064941	10.068702	52.496183	-80.938931	5.597440
1.015137	0.138916	-0.000244	12.778626	42.152672	-58.793893	5.607583
1.066406	0.246582	-0.005859	12.389313	41.061069	-42.068702	5.617715
1.067627	0.228271	-0.007324	-7.435115	34.832061	-45.709924	5.628083
1.079346	0.209473	0.072266	-33.358779	37.938931	-57.389313	5.638157
0.985840	0.090820	0.146484	-71.404580	35.427481	-74.977099	5.648706
0.954834	0.064941	0.180420	-103.916031	35.389313	-85.824427	5.658905
0.888916	0.026855	0.165527	-131.022901	38.603053	-90.900763	5.669277
0.851807	-0.113281	0.104004	-154.908397	36.519084	-86.083969	5.679782
0.811523	-0.147705	0.064697	-155.145038	41.236641	-77.603053	5.689940
0.707520	-0.138916	0.083008	-147.893130	51.442748	-67.366412	5.700281
0.648682	-0.186523	0.064941	-135.923664	51.656489	-62.877863	5.710355
0.674805	-0.066406	0.028564	-109.206107	52.435115	-59.374046	5.720435
0.729248	0.005859	0.036133	-71.526718	49.129771	-58.000000	5.730643
0.823975	0.085449	0.073975	-30.106870	34.603053	-58.259542	5.743074
0.937500	0.192139	0.096191	5.931298	23.114504	-56.755725	5.755286
0.994141	0.284668	0.122559	19.969466	19.145038	-54.519084	5.767054
0.989990	0.287109	0.135498	4.610687	25.335878	-56.061069	5.779125
0.899414	0.197998	0.145508	-25.412214	22.938931	-56.251908	5.790539
0.875244	0.136475	0.151855	-45.480916	19.541985	-50.175573	5.802910
0.828613	0.088135	0.170166	-67.343511	27.335878	-50.732824	5.814280
0.788818	0.052734	0.149414	-74.832061	24.106870	-52.190840	5.826608
0.761963	0.030273	0.137451	-64.427481	24.992366	-52.572519	5.838336
0.734131	0.048096	0.108887	-44.679389	22.618321	-51.862595	5.850691
0.792236	0.100586	0.122314	-27.244275	14.274809	-47.908397	5.862673
0.871826	0.128418	0.120117	-18.465649	6.000000	-42.618321	5.874264
0.962891	0.078125	0.165527	-26.503817	5.099237	-41.343511	5.886410
0.976562	0.077881	0.226807	-39.007634	7.862595	-43.854962	5.897694
0.990234	0.098389	0.254639	-36.404580	12.717557	-50.221374	5.909662
1.212646	0.254883	0.192627	-16.389313	13.603053	-54.152672	5.921626
1.575684	0.420410	-0.018555	8.404580	18.641221	-31.511450	5.933646
1.480225	0.602783	-0.064941	52.877863	18.236641	-1.412214	5.945166
1.302002	0.583496	0.094971	91.648855	8.366412	5.877863	5.957986
1.388428	0.541504	0.184814	100.419847	-0.045802	7.854962	5.969673
1.561523	0.507812	0.174072	78.786260	-2.992366	12.572519	5.981337
1.673584	0.412842	0.189209	14.152672	-15.122137	3.427481	5.993160
1.654785	0.287598	0.199219	-72.458015	-27.770992	-18.610687	6.005173
1.494873	0.186035	0.286133	-128.839695	-7.030534	-31.648855	6.016651
1.304443	0.140625	0.353760	-159.038168	-1.458015	-42.213740	6.028821
1.312256	0.106201	0.313721	-153.160305	-13.801527	-43.969466	6.040589
1.417725	0.170166	0.246826	-120.809160	-11.503817	-30.801527	6.052596
1.394043	0.226318	0.214600	-75.038168	-11.206107	-10.099237	6.064635
1.359863	0.247314	0.190918	-37.541985	-16.564885	6.572519	6.076098
1.403809	0.186035	0.115234	-11.129771	-19.603053	25.320611	6.087912
1.414062	0.126221	0.116455	-7.778626	-18.007634	33.160305	6.099803
1.461914	0.040039	0.129883	-16.282443	-16.656489	30.816794	6.111806
1.434570	-0.008057	0.115234	-29.404580	-12.679389	18.167939	6.123489
1.382568	-0.056641	0.070801	-50.534351	-4.992366	2.160305	6.135181
1.291016	-0.084229	0.036621	-58.068702	7.305344	-9.190840	6.146921
1.193848	-0.086426	0.023438	-54.267176	17.282443	-11.038168	6.158929
1.102539	-0.065674	0.088623	-44.000000	22.427481	-10.167939	6.170986
1.035889	-0.032715	0.151367	-30.725191	21.251908	-8.931298	6.182099
0.977783	0.031982	0.217285	-20.068702	19.236641	-9.267176	6.193699
0.917725	0.112305	0.266846	-18.213740	17.076336	-13.099237	6.205860
0.840576	0.168457	0.267334	-22.442748	11.442748	-14.854962	6.217659
0.782227	0.204590	0.248535	-25.763359	5.450382	-11.450382	6.229297
0.772949	0.251221	0.219727	-26.816794	1.106870	-1.458015	6.240982
0.788818	0.273193	0.178955	-32.259542	-1.702290	14.641221	6.253063
0.826904	0.245850	0.149170	-38.900763	-2.511450	31.244275	6.265100
0.879395	0.237061	0.072510	-38.893130	-7.267176	38.641221	6.276758
0.862305	0.298828	0.123291	-60.648855	2.847328	13.328244	6.288601
0.982666	0.191406	0.032959	-90.106870	7.259542	18.862595	6.300643
0.956299	0.150635	0.043213	-78.603053	2.824427	37.221374	6.312493
0.912109	0.139404	0.106445	-86.320611	-10.458015	42.091603	6.324231
0.847412	0.145996	0.171387	-111.679389	-12.213740	32.793893	6.335981
0.778320	0.124512	0.187500	-131.580153	-12.305344	29.671756	6.347785
0.709717	0.067871	0.155273	-126.564885	-26.595420	35.030534	6.360036
0.641357	0.043945	0.167725	-104.473282	-22.641221	46.641221	6.371743
0.580566	0.009766	0.172363	-92.839695	-20.992366	52.801527	6.383154
0.614502	-0.054199	0.186523	-88.992366	-19.702290	50.022901	6.395265
0.656250	-0.179199	0.226562	-92.305344	-10.183206	45.572519	6.406465
0.784668	-0.284668	0.212891	-100.366412	-6.664122	41.969466	6.418470
1.069092	-0.268311	0.148926	-111.305344	-8.083969	48.603053	6.430017
1.511963	-0.163086	0.047852	-108.908397	-13.633588	70.854962	6.442039
1.610107	-0.032471	0.058105	-90.595420	-8.435115	79.366412	6.454687
1.380127	-0.113281	0.318359	-73.183206	-14.786260	45.656489	6.466503
1.295898	-0.105225	0.449463	-31.488550	-22.656489	11.068702	6.478479
1.233887	-0.023926	0.405029	12.267176	-18.244275	3.923664	6.490295
1.144531	-0.064941	0.350586	40.946565	-14.671756	-0.541985	6.502031
1.076416	-0.160645	0.282471	33.679389	-15.763359	-6.396947	6.514140
1.057373	-0.203857	0.257568	27.282443	-14.358779	-8.870229	6.525879
1.064453	-0.157227	0.181885	18.748092	-8.793893	-5.633588	6.537351
1.101807	-0.083740	0.114746	15.419847	-7.923664	-3.427481	6.548858
1.113037	-0.001709	0.123535	20.725191	-1.923664	-1.381679	6.560851
1.059814	0.050049	0.161133	23.641221	11.030534	-4.007634	6.573484
0.987549	0.076172	0.194092	34.297710	13.099237	-5.183206	6.585239
0.931885	0.072510	0.247070	42.022901	16.450382	-4.480916	6.597115
0.895508	0.062988	0.322510	34.000000	16.404580	-6.038168	6.609843
0.906494	0.057861	0.359131	18.885496	12.343511	-5.236641	6.621699
0.972900	0.064697	0.335205	-4.809160	5.656489	-2.648855	6.633207
1.057617	0.060059	0.286133	-25.312977	2.290076	2.297710	6.644777
1.120605	0.044434	0.248779	-35.053435	4.442748	6.465649	6.656854
1.138916	0.018799	0.207031	-35.908397	9.320611	8.633588	6.668794
1.091309	-0.021484	0.213379	-28.900763	12.603053	7.320611	6.680566
1.047363	-0.084961	0.215332	-16.816794	11.534351	0.923664	6.692139
0.990723	-0.149414	0.260498	-1.908397	11.816794	-6.770992	6.704173
0.944336	-0.183838	0.284180	7.290076	8.900763	-13.152672	6.715096
0.929932	-0.189453	0.320801	8.977099	2.854962	-17.885496	6.727283
0.934082	-0.172852	0.316406	7.519084	-1.152672	-18.717557	6.738824
0.948242	-0.119629	0.286133	7.320611	-3.106870	-16.061069	6.751205
0.983398	-0.074219	0.251221	9.916031	-2.488550	-9.931298	6.762920
1.000732	-0.007324	0.251709	19.564885	0.427481	-1.290076	6.774706
1.040039	0.014648	0.256836	33.030534	2.511450	5.832061	6.786927
1.055176	0.017090	0.287109	41.297710	2.732824	10.213740	6.797848
1.149902	0.052979	0.270996	52.274809	-1.809160	12.244275	6.810181
1.212402	0.043945	0.327637	54.442748	0.717557	12.809160	6.821877
1.125244	-0.041992	0.361572	43.458015	0.488550	8.160305	6.833526
1.066162	0.005127	0.406982	45.175573	-5.419847	-3.458015	6.845199
1.103027	0.214355	0.422119	73.114504	-7.938931	-4.923664	6.857288
1.284180	0.404297	0.534180	81.244275	-21.366412	1.160305	6.869044
1.452148	0.511475	0.535645	69.587786	-39.038168	-9.312977	6.881095
1.310547	0.321045	0.468018	33.312977	-40.633588	-32.580153	6.892727
1.030762	0.012451	0.379639	-19.091603	-29.290076	-38.343511	6.905091
0.894287	-0.194092	0.242676	-24.893130	-17.480916	-25.534351	6.916952
0.797607	-0.290283	0.198730	2.068702	-13.503817	-7.633588	6.928660
0.783203	-0.265381	0.207031	36.267176	-17.809160	5.167939	6.940413
0.885986	-0.181885	0.192383	72.480916	-17.083969	12.862595	6.952746
0.990967	-0.037354	0.165527	104.541985	-12.664122	18.343511	6.964447
1.078613	0.150635	0.091064	115.450382	-16.213740	23.122137	6.979255
1.087646	0.261963	0.088379	103.961832	-12.992366	17.213740	6.990819
1.066650	0.292236	0.100342	80.938931	-16.496183	-2.412214	7.002525
1.043701	0.246582	0.130127	69.587786	-23.404580	-20.022901	7.013969
0.950195	0.157715	0.200439	71.259542	-21.893130	-25.877863	7.024917
0.847412	0.057373	0.248291	72.328244	-31.099237	-30.099237	7.037407
0.818115	-0.014160	0.289795	78.877863	-33.679389	-27.793893	7.049483
0.867188	-0.022705	0.234375	83.190840	-37.137405	-24.648855	7.061307
0.983887	0.020996	0.144775	89.587786	-42.603053	-21.633588	7.072785
1.108398	0.101318	0.077637	92.229008	-44.007634	-17.145038	7.083676
1.189941	0.198730	-0.012207	92.587786	-45.000000	-13.816794	7.094033
1.170898	0.297119	-0.016113	79.389313	-39.221374	-15.557252	7.104677
1.060791	0.348145	0.035889	55.206107	-38.541985	-18.786260	7.116954
0.994141	0.327393	0.057373	45.725191	-38.793893	-16.297710	7.129344
0.954102	0.261230	0.036377	44.778626	-41.152672	-10.740458	7.140865
0.972412	0.190918	-0.000977	47.946565	-48.755725	-4.412214	7.153519
