0.904541	0.383789	-0.229980	-6.167939	3.877863	3.335878	0.001391
0.900146	0.382080	-0.239990	-5.702290	1.610687	3.488550	0.012214
0.900635	0.385986	-0.239746	-5.206107	-1.564885	3.755725	0.022691
0.915039	0.372803	-0.248047	-4.534351	-3.824427	3.740458	0.032745
0.909912	0.379150	-0.232422	-3.419847	-2.977099	4.076336	0.043178
0.925293	0.377441	-0.229736	-3.038168	-1.587786	4.183206	0.053242
0.928711	0.381348	-0.229004	-4.045802	-0.007634	3.610687	0.063261
0.940674	0.381592	-0.237549	-5.954198	0.091603	3.503817	0.073414
0.941406	0.382812	-0.240967	-7.900763	1.908397	3.030534	0.083384
0.926025	0.372803	-0.239014	-8.053435	2.045802	2.549618	0.093400
0.932373	0.351807	-0.244141	-8.488550	0.290076	2.664122	0.103413
0.943359	0.343994	-0.250732	-7.564885	-0.511450	2.938931	0.113530
0.939209	0.351074	-0.257568	-6.068702	-1.931298	2.732824	0.123551
0.947510	0.350098	-0.252197	-4.931298	-1.938931	2.687023	0.133584
0.940674	0.357666	-0.245361	-4.648855	-1.923664	2.923664	0.143602
0.937744	0.361572	-0.233398	-4.137405	-2.129771	3.137405	0.153561
0.935303	0.366455	-0.224854	-3.984733	-2.938931	2.870229	0.163545
0.934082	0.378418	-0.221680	-3.839695	-4.167939	2.534351	0.173589
0.937256	0.371338	-0.210693	-4.389313	-3.732824	1.938931	0.183608
0.935547	0.371094	-0.206787	-4.824427	-1.435115	1.549618	0.193664
0.932617	0.374512	-0.205811	-4.709924	-0.496183	1.442748	0.203627
0.932617	0.377930	-0.205566	-5.366412	0.206107	1.335878	0.213627
0.923828	0.367432	-0.206543	-5.786260	1.290076	1.351145	0.226620
0.930420	0.362061	-0.218018	-6.526718	2.969466	0.755725	0.238064
0.934326	0.346924	-0.228760	-7.053435	4.343511	1.305344	0.250265
0.915771	0.333008	-0.237549	-6.824427	5.877863	0.954198	0.262263
0.910400	0.311768	-0.240234	-5.954198	1.702290	2.183206	0.274300
0.927734	0.282227	-0.243164	-5.000000	5.183206	-0.038168	0.285951
0.909180	0.296875	-0.249512	-3.244275	6.458015	-1.328244	0.297640
0.897461	0.301758	-0.252686	-1.557252	1.664122	0.404580	0.309833
0.914062	0.310059	-0.249023	0.900763	0.114504	-0.152672	0.321477
0.925781	0.329102	-0.234619	4.335878	2.068702	-1.091603	0.333278
0.933350	0.348877	-0.236572	6.251908	1.755725	-0.885496	0.345030
0.946777	0.358643	-0.224609	7.358779	1.954198	-0.679389	0.356674
0.937988	0.374268	-0.225342	8.091603	3.641221	-1.167939	0.368784
0.951904	0.383789	-0.219238	6.832061	4.557252	-1.625954	0.380419
0.959473	0.395752	-0.216064	5.045802	5.885496	-1.847328	0.392220
0.954590	0.396973	-0.216064	2.587786	6.946565	-2.061069	0.403783
0.930176	0.399902	-0.214844	0.458015	6.748092	-1.312977	0.415945
0.919922	0.405273	-0.216064	-0.946565	3.725191	-1.351145	0.427882
0.912598	0.393066	-0.219727	-1.633588	1.427481	-1.335878	0.439817
0.917969	0.383301	-0.210693	-1.824427	0.358779	-2.534351	0.451697
0.916260	0.391602	-0.214844	-0.610687	-2.641221	-2.511450	0.463332
0.918457	0.386475	-0.219727	-0.312977	-4.938931	-3.167939	0.475210
0.923584	0.393555	-0.189209	0.450382	-4.076336	-3.541985	0.486868
0.927979	0.395020	-0.195068	-1.442748	-3.549618	-3.282443	0.497816
0.932617	0.391113	-0.190186	-3.587786	-2.473282	-2.862595	0.509999
0.924072	0.380859	-0.201416	-4.938931	-1.229008	-2.137405	0.521813
0.920898	0.376709	-0.195801	-6.656489	-1.076336	-1.496183	0.533763
0.943604	0.364014	-0.211426	-7.832061	-0.770992	-1.236641	0.545247
0.950684	0.353271	-0.215576	-6.763359	1.183206	0.412214	0.557445
0.953125	0.353027	-0.222656	-6.656489	3.251908	1.641221	0.569599
0.945068	0.351318	-0.217773	-7.038168	4.396947	2.137405	0.581365
0.927734	0.351318	-0.216797	-5.595420	3.969466	2.427481	0.592814
0.923096	0.348389	-0.207520	-5.572519	2.259542	3.038168	0.604958
0.910400	0.354736	-0.205811	-5.274809	0.496183	3.106870	0.617131
0.919189	0.348389	-0.204102	-4.496183	-0.625954	2.687023	0.628869
0.923584	0.352539	-0.210693	-3.916031	-1.167939	2.389313	0.640641
0.929688	0.365967	-0.209473	-2.877863	-1.022901	1.297710	0.652429
0.924072	0.370361	-0.202881	-2.412214	0.450382	0.778626	0.664438
0.909424	0.366943	-0.205078	-2.671756	0.114504	0.778626	0.675837
0.904785	0.380859	-0.211670	-3.763359	-1.526718	1.030534	0.687992
0.896973	0.381104	-0.204346	-3.702290	-2.312977	-0.374046	0.699070
0.893311	0.375000	-0.223145	-2.824427	-4.480916	-0.603053	0.712264
0.921143	0.371826	-0.225586	-2.442748	-5.564885	-1.419847	0.724242
0.920898	0.367676	-0.208008	-0.969466	-5.183206	-1.534351	0.736292
0.916748	0.374756	-0.203613	-0.053435	-4.908397	-1.160305	0.748038
0.922607	0.384766	-0.205811	-0.137405	-4.167939	-1.381679	0.760108
0.923340	0.382568	-0.199707	0.480916	-4.473282	-1.923664	0.771039
0.935059	0.380859	-0.213623	-0.297710	-3.816794	-1.893130	0.781228
0.931396	0.380615	-0.212402	-0.893130	-2.480916	-1.381679	0.792932
0.952637	0.372070	-0.230713	-0.580153	-1.198473	-1.687023	0.804955
0.939453	0.373291	-0.220459	-0.786260	0.526718	-2.015267	0.816797
0.929443	0.389160	-0.231689	-1.007634	1.267176	-2.862595	0.828641
0.909180	0.392334	-0.229004	-1.450382	0.541985	-2.984733	0.840589
0.912354	0.385742	-0.231934	-2.938931	-0.358779	-2.679389	0.852016
0.907959	0.383057	-0.221191	-3.229008	-1.664122	-3.068702	0.864016
0.915039	0.383545	-0.235596	-2.106870	-2.725191	-3.374046	0.875608
0.908691	0.384033	-0.232178	-1.007634	-3.839695	-4.259542	0.887398
0.906494	0.385010	-0.230469	0.152672	-4.793893	-2.641221	0.899048
0.925049	0.395020	-0.239746	1.465649	-5.206107	-2.473282	0.911417
0.924805	0.404297	-0.233154	0.557252	-5.503817	-3.022901	0.923219
0.925537	0.407959	-0.245605	-1.931298	-3.725191	-3.030534	0.935082
0.925537	0.409424	-0.234375	-2.900763	-1.801527	-1.969466	0.946911
0.922363	0.402832	-0.241455	-3.664122	-1.534351	-1.595420	0.958677
0.922363	0.391113	-0.254395	-4.083969	-2.061069	-1.114504	0.971469
0.913330	0.394531	-0.252441	-3.916031	-2.541985	-0.496183	0.985365
0.897461	0.400391	-0.250000	-3.847328	-2.564885	1.938931	0.996841
0.906738	0.402344	-0.239746	-4.099237	-3.801527	-0.328244	1.009568
0.894775	0.411865	-0.241699	-4.358779	-5.167939	-0.290076	1.021101
0.900146	0.414307	-0.234131	-3.755725	-5.114504	-0.198473	1.032896
0.901611	0.419434	-0.246826	-4.488550	-4.900763	-0.351145	1.045442
0.917725	0.411133	-0.241699	-5.534351	-4.259542	-0.183206	1.056938
0.906250	0.406250	-0.247070	-6.824427	-3.221374	-0.671756	1.069135
0.891602	0.403809	-0.237549	-8.351145	-3.702290	-0.877863	1.080936
0.890137	0.392578	-0.235840	-8.625954	-4.129771	-0.977099	1.092650
0.866699	0.391357	-0.240479	-9.190840	-5.969466	-1.015267	1.104230
0.889893	0.377441	-0.240234	-9.832061	-6.473282	-2.061069	1.116523
0.889893	0.374023	-0.252441	-9.541985	-7.183206	-2.412214	1.128144
0.908936	0.371826	-0.265381	-8.832061	-6.656489	-3.893130	1.140097
0.905762	0.370605	-0.257324	-7.763359	-5.572519	-2.458015	1.151802
0.906006	0.377441	-0.258545	-4.770992	-4.862595	-2.282443	1.163739
0.902832	0.381348	-0.264404	-5.335878	-3.885496	-1.770992	1.175484
0.900391	0.393799	-0.255371	-4.305344	-3.648855	-1.419847	1.187289
0.897949	0.393311	-0.257568	-5.137405	-3.603053	-0.992366	1.197701
0.898193	0.396729	-0.252197	-6.427481	-2.000000	0.503817	1.207621
0.887695	0.397705	-0.265381	-6.969466	-4.122137	1.297710	1.218050
0.881348	0.395752	-0.271973	-6.679389	-7.221374	2.992366	1.228320
0.900635	0.380615	-0.268799	-7.015267	-7.465649	2.763359	1.238556
0.904053	0.381836	-0.272705	-6.702290	-4.832061	1.816794	1.249158
0.901855	0.382080	-0.284912	-6.045802	-2.572519	1.618321	1.259077
0.900879	0.377686	-0.281250	-6.152672	-1.603053	0.519084	1.269734
0.909912	0.377197	-0.281738	-5.580153	-1.305344	-0.717557	1.280030
0.904297	0.378662	-0.275635	-4.519084	-1.992366	-0.526718	1.290793
0.897217	0.388184	-0.271240	-3.526718	-4.618321	-0.595420	1.301013
0.912598	0.394287	-0.269287	-1.030534	-6.290076	0.122137	1.311168
0.922119	0.395996	-0.259033	-0.083969	-6.496183	-0.366412	1.321453
0.928711	0.408691	-0.258545	0.679389	-5.251908	-0.320611	1.331980
0.931396	0.416016	-0.260010	0.213740	-2.137405	0.137405	1.342047
0.925537	0.416748	-0.247314	-1.297710	-0.343511	0.763359	1.352585
0.906494	0.407471	-0.252441	-3.328244	1.183206	1.129771	1.362794
0.915039	0.402832	-0.254150	-4.488550	2.091603	1.083969	1.373233
0.914307	0.394531	-0.267334	-5.557252	2.572519	0.366412	1.383829
0.907959	0.383545	-0.270264	-5.740458	3.671756	-0.610687	1.394859
0.898438	0.387207	-0.284180	-4.297710	3.221374	0.000000	1.404963
0.896240	0.392090	-0.280273	-2.290076	0.954198	1.053435	1.415543
0.902588	0.398926	-0.281006	-0.442748	-0.183206	1.198473	1.425708
0.905762	0.412598	-0.281494	0.351145	0.175573	0.847328	1.436301
0.911865	0.432617	-0.284424	0.137405	0.763359	0.885496	1.446706
0.922852	0.429199	-0.267578	-2.320611	0.381679	1.664122	1.457139
0.932373	0.431396	-0.262207	-4.572519	1.366412	1.839695	1.467296
0.928711	0.422363	-0.266846	-6.335878	2.091603	1.519084	1.477797
0.922119	0.423340	-0.266113	-8.236641	2.877863	0.030534	1.487951
0.910156	0.431641	-0.262207	-9.045802	2.419847	-1.007634	1.498219
0.914551	0.434326	-0.251953	-8.877863	1.603053	-1.442748	1.508114
0.913574	0.432617	-0.248779	-8.435115	0.206107	-1.229008	1.518903
0.914551	0.440674	-0.251221	-8.312977	-2.259542	-1.679389	1.529281
0.930420	0.438477	-0.248535	-9.534351	-2.167939	-2.664122	1.539473
0.925781	0.427979	-0.247070	-10.534351	-1.618321	-2.824427	1.549822
0.929688	0.420410	-0.255371	-11.755725	-1.511450	-5.862595	1.560209
0.930420	0.416992	-0.245850	-12.450382	-1.030534	-3.847328	1.570167
0.926270	0.401855	-0.253906	-12.198473	-0.320611	-4.450382	1.580714
0.919434	0.392578	-0.251709	-11.961832	-0.381679	-4.977099	1.590833
0.913330	0.395020	-0.242920	-10.977099	0.129771	-5.076336	1.600762
0.901611	0.392578	-0.244873	-9.305344	0.290076	-4.442748	1.611312
0.892578	0.390137	-0.240723	-7.595420	-1.053435	-3.541985	1.621701
0.885010	0.396729	-0.234131	-6.595420	-0.305344	-3.030534	1.632088
0.883057	0.393555	-0.224854	-5.557252	0.732824	-2.938931	1.642466
0.889160	0.375244	-0.246826	-5.152672	2.251908	-2.145038	1.652829
0.887695	0.392090	-0.246338	-5.305344	4.580153	-1.190840	1.663120
0.881104	0.387207	-0.256836	-6.160305	3.404580	-0.045802	1.673087
0.880127	0.382324	-0.254883	-6.343511	4.534351	-0.038168	1.683293
0.877930	0.391602	-0.258789	-6.641221	6.961832	-0.213740	1.693721
0.862305	0.390137	-0.258057	-7.435115	8.603053	-0.862595	1.704010
0.851074	0.393555	-0.252686	-6.366412	7.923664	-1.435115	1.713954
0.858154	0.397705	-0.252441	-4.022901	6.335878	-1.854962	1.724277
0.871826	0.411865	-0.253906	-1.312977	5.381679	-1.740458	1.734478
0.888672	0.434082	-0.255127	-0.213740	4.175573	-1.664122	1.744740
0.897705	0.434570	-0.265869	0.259542	4.190840	-0.793893	1.754857
0.908447	0.437256	-0.257568	-1.007634	4.893130	0.045802	1.764922
0.914307	0.437500	-0.255371	-1.801527	4.503817	1.251908	1.774361
0.915283	0.441650	-0.259766	-6.587786	2.175573	0.625954	1.784887
0.909180	0.437256	-0.253174	-9.717557	-0.335878	1.320611	1.794963
0.915039	0.431396	-0.249512	-12.267176	1.328244	1.664122	1.805345
0.905029	0.422363	-0.242188	-12.557252	-0.198473	1.641221	1.815623
0.903809	0.405762	-0.249512	-13.587786	-1.801527	0.076336	1.826130
0.898438	0.402344	-0.241699	-11.259542	-1.312977	-0.145038	1.836323
0.907959	0.398682	-0.237793	-9.885496	-1.656489	0.015267	1.846887
0.918457	0.394043	-0.244141	-9.473282	-2.671756	0.618321	1.856916
0.934326	0.394287	-0.227783	-8.694656	-2.625954	0.748092	1.867424
0.938965	0.391602	-0.226318	-8.221374	-2.213740	0.259542	1.877608
0.941650	0.398682	-0.224854	-8.030534	-3.496183	0.244275	1.887892
0.947998	0.400635	-0.216309	-7.297710	-2.137405	0.251908	1.898162
0.947510	0.391602	-0.216797	-6.854962	-1.267176	0.648855	1.908335
0.946045	0.404053	-0.213623	-6.351145	-0.152672	0.618321	1.918415
0.943115	0.401855	-0.208496	-5.687023	1.595420	0.709924	1.928039
0.938232	0.401367	-0.204346	-5.480916	3.679389	0.984733	1.938909
0.923828	0.390381	-0.213379	-5.679389	5.854962	0.931298	1.949163
0.914795	0.390137	-0.208496	-5.580153	6.694656	1.351145	1.959705
0.908691	0.375732	-0.218994	-4.984733	6.885496	1.053435	1.970032
0.900391	0.378662	-0.219482	-3.755725	6.137405	1.175573	1.979752
0.897705	0.374756	-0.219482	-2.229008	5.358779	0.427481	1.990342
0.905029	0.375488	-0.224121	0.137405	4.526718	0.984733	2.000457
0.886963	0.381592	-0.224854	1.183206	3.427481	1.015267	2.011518
0.902832	0.369141	-0.221191	2.534351	2.580153	1.297710	2.021674
0.912598	0.378174	-0.239014	2.603053	3.992366	1.038168	2.032274
0.912354	0.377441	-0.236084	3.320611	4.465649	1.679389	2.042766
0.916260	0.374268	-0.241455	3.343511	6.229008	2.099237	2.052466
0.904053	0.396729	-0.243408	3.610687	6.412214	2.725191	2.062614
0.909668	0.397461	-0.241455	4.335878	4.465649	3.450382	2.073258
0.918457	0.403076	-0.240723	4.160305	3.091603	3.221374	2.083424
0.919922	0.405762	-0.243164	4.961832	3.381679	2.709924	2.093966
0.932861	0.403809	-0.242432	5.854962	4.847328	2.564885	2.104282
0.937744	0.414795	-0.234375	6.564885	4.717557	3.022901	2.114735
0.941406	0.421387	-0.237305	6.267176	4.961832	2.900763	2.124800
0.934814	0.436523	-0.233154	4.984733	5.480916	2.709924	2.134990
0.939209	0.436035	-0.229248	4.206107	4.519084	2.335878	2.145492
0.939209	0.437500	-0.214844	1.877863	4.671756	2.083969	2.155652
0.918945	0.440430	-0.198975	1.465649	5.290076	1.877863	2.166189
0.919434	0.438721	-0.188477	-0.389313	3.595420	1.900763	2.176453
0.912842	0.428467	-0.200439	-1.862595	3.595420	0.900763	2.186469
0.903809	0.422119	-0.203613	-0.229008	4.595420	0.671756	2.196841
0.900635	0.416016	-0.212158	0.633588	5.427481	0.496183	2.207081
0.890137	0.409424	-0.210938	0.496183	4.221374	0.839695	2.217514
0.905762	0.410889	-0.224854	1.221374	1.259542	1.534351	2.227184
0.933838	0.411377	-0.231934	-0.045802	2.557252	0.389313	2.237842
0.942139	0.402832	-0.240479	0.312977	4.175573	1.450382	2.247978
0.939209	0.408691	-0.233643	0.145038	6.015267	1.351145	2.258221
0.941162	0.402100	-0.228516	-0.473282	7.770992	3.893130	2.268477
0.927490	0.399414	-0.227051	-1.572519	7.114504	2.465649	2.278538
0.923096	0.402832	-0.218506	-2.167939	8.366412	1.931298	2.288651
0.913574	0.394043	-0.215820	-2.854962	8.511450	2.664122	2.298368
0.910645	0.399902	-0.225098	-5.969466	9.106870	1.145038	2.307559
0.904053	0.392822	-0.228516	-4.946565	10.091603	1.564885	2.318266
0.901367	0.392578	-0.218994	-6.267176	10.526718	0.641221	2.328091
0.898193	0.389160	-0.224854	-5.511450	9.099237	0.396947	2.337980
0.886719	0.392334	-0.212646	-4.732824	8.053435	0.580153	2.348484
0.888672	0.395020	-0.203125	-4.557252	5.870229	-0.236641	2.358754
0.883301	0.393311	-0.187988	-3.954198	4.519084	0.206107	2.369002
0.878906	0.398438	-0.174072	-5.312977	0.702290	-0.038168	2.379459
0.876221	0.395020	-0.161621	-4.854962	-2.404580	0.152672	2.389325
0.877441	0.392334	-0.159912	-5.587786	-4.511450	0.633588	2.400054
0.888184	0.390869	-0.155273	-5.511450	-4.816794	1.106870	2.410145
0.896240	0.395264	-0.151855	-5.076336	-3.961832	1.564885	2.420565
0.901367	0.398438	-0.141846	-4.122137	-3.045802	1.740458	2.430721
0.919678	0.396729	-0.151367	-4.404580	-1.946565	2.167939	2.441014
0.937256	0.396729	-0.152100	-3.870229	-0.083969	2.473282	2.451302
0.935791	0.391357	-0.151123	-4.381679	1.786260	3.740458	2.461460
0.935303	0.395752	-0.150635	-4.763359	2.656489	3.519084	2.471805
0.938477	0.387451	-0.160156	-3.374046	3.045802	5.061069	2.482321
0.944824	0.381836	-0.161865	-3.549618	1.549618	5.893130	2.492624
0.933838	0.395020	-0.176270	-3.732824	1.709924	5.923664	2.502189
0.934570	0.390869	-0.165283	-3.847328	3.679389	6.687023	2.512835
0.927979	0.403809	-0.164062	-5.061069	4.717557	6.198473	2.523173
0.906738	0.402344	-0.166016	-5.221374	4.206107	5.549618	2.533005
0.889160	0.403320	-0.167969	-4.374046	2.664122	5.206107	2.543759
0.881104	0.399902	-0.168701	-4.969466	0.984733	4.801527	2.553791
0.882812	0.405273	-0.171143	-5.221374	-1.404580	4.106870	2.564017
0.884277	0.404053	-0.182373	-5.656489	-3.221374	2.816794	2.574498
0.893799	0.406006	-0.183105	-5.603053	-4.740458	2.229008	2.584750
0.904053	0.405273	-0.193604	-6.969466	-6.190840	1.251908	2.594511
0.905518	0.391602	-0.206299	-7.564885	-6.312977	0.702290	2.605028
0.917480	0.404541	-0.212891	-9.450382	-4.748092	-0.267176	2.615174
0.919922	0.385742	-0.212646	-9.053435	-5.335878	-1.160305	2.625586
0.918457	0.380615	-0.212402	-8.465649	-5.175573	-2.465649	2.635564
0.913086	0.379150	-0.218750	-6.809160	-8.824427	-1.641221	2.646406
0.919922	0.395264	-0.224121	-6.137405	-12.549618	-0.885496	2.656934
0.927979	0.394775	-0.211182	-6.916031	-11.160305	-0.305344	2.667412
0.915771	0.399902	-0.219482	-4.977099	-12.251908	0.656489	2.677891
0.921875	0.394287	-0.223389	-3.885496	-13.351145	1.786260	2.688055
0.925781	0.400391	-0.217285	-2.763359	-14.274809	3.389313	2.697567
0.941650	0.416748	-0.222412	-2.854962	-12.625954	4.687023	2.706929
0.957520	0.404053	-0.221191	-3.007634	-10.946565	5.198473	2.718205
0.968018	0.404053	-0.219971	-4.389313	-7.374046	4.748092	2.728201
0.958740	0.407227	-0.230469	-5.694656	-4.961832	4.366412	2.738075
0.935059	0.401123	-0.234375	-7.251908	-2.320611	3.984733	2.748881
0.908203	0.416748	-0.226562	-7.450382	-1.122137	3.122137	2.759234
0.883545	0.404785	-0.225098	-7.763359	-3.358779	1.809160	2.769586
0.865234	0.394531	-0.228271	-8.541985	-4.549618	-0.251908	2.779854
0.870605	0.384033	-0.214844	-8.587786	-3.641221	0.045802	2.790036
0.883789	0.382568	-0.221191	-9.236641	-3.007634	-2.450382	2.799847
0.872803	0.388916	-0.232910	-10.022901	-6.053435	-1.603053	2.810595
0.901855	0.364502	-0.227783	-10.076336	-4.694656	-2.160305	2.821247
0.909668	0.367676	-0.243408	-8.763359	-1.984733	-2.580153	2.831478
0.900879	0.362305	-0.250244	-7.458015	-1.740458	-2.435115	2.841275
0.905273	0.365479	-0.243164	-4.748092	-2.419847	-1.801527	2.851976
0.904541	0.364746	-0.238525	-2.267176	-2.862595	-1.984733	2.861995
0.909668	0.372070	-0.246582	-0.824427	-4.045802	-1.770992	2.872264
0.912842	0.375488	-0.236816	-0.763359	-3.358779	-1.007634	2.882805
0.923584	0.378174	-0.242432	-2.259542	-2.862595	-0.404580	2.892837
0.927246	0.373047	-0.253174	-3.213740	-3.908397	1.137405	2.902652
0.927490	0.375732	-0.247314	-3.503817	-1.076336	2.793893	2.913524
0.919189	0.377441	-0.258545	-5.847328	-0.450382	3.908397	2.923866
0.915771	0.387695	-0.250488	-2.824427	0.931298	3.984733	2.934175
0.913330	0.400391	-0.253418	-2.687023	0.221374	3.343511	2.944000
0.912598	0.403076	-0.257568	-2.740458	-0.633588	3.206107	2.954560
0.916992	0.414307	-0.233643	-2.534351	-0.801527	2.809160	2.964726
0.908203	0.424316	-0.230957	-2.709924	-3.610687	3.076336	2.977950
0.906250	0.426514	-0.222656	-4.129771	-3.801527	2.122137	2.988390
0.921875	0.424805	-0.223145	-4.557252	-4.893130	1.625954	2.998572
0.924561	0.430908	-0.218750	-5.259542	-4.732824	1.274809	3.008703
0.922852	0.420898	-0.222900	-5.992366	-5.396947	1.358779	3.018733
0.938477	0.423340	-0.225586	-6.954198	-4.946565	0.656489	3.029106
0.945801	0.419678	-0.220947	-7.435115	-3.458015	0.206107	3.039370
0.942871	0.416016	-0.233398	-8.580153	-2.259542	-0.137405	3.049485
0.932129	0.406250	-0.234375	-9.702290	-0.267176	-0.312977	3.059736
0.920410	0.391602	-0.240479	-9.931298	-0.022901	-0.725191	3.070378
0.912598	0.380615	-0.244873	-9.824427	0.488550	-0.587786	3.080712
0.904541	0.378662	-0.236084	-9.419847	0.022901	-0.206107	3.090921
0.899170	0.366455	-0.248535	-9.114504	0.450382	-0.709924	3.101075
0.894531	0.365723	-0.248779	-8.519084	0.244275	-0.244275	3.111281
0.894043	0.355469	-0.252686	-7.664122	0.221374	0.106870	3.121652
0.899414	0.360107	-0.251709	-6.167939	0.259542	0.297710	3.132094
0.895020	0.361572	-0.262695	-4.083969	-0.229008	0.541985	3.142042
0.904785	0.374268	-0.241699	-2.099237	-0.412214	0.534351	3.152293
0.900879	0.378662	-0.233398	-0.114504	-0.595420	0.595420	3.162806
0.914551	0.386719	-0.224854	0.587786	-0.885496	0.496183	3.173180
0.915527	0.395996	-0.228271	0.740458	-0.778626	1.038168	3.183167
0.930176	0.390869	-0.229736	0.358779	-0.282443	0.801527	3.193505
0.939697	0.399902	-0.225586	0.091603	0.923664	0.786260	3.203395
0.933350	0.402100	-0.231445	-0.343511	2.877863	0.503817	3.214003
0.919922	0.403809	-0.230469	-0.564885	4.580153	0.282443	3.225108
0.898193	0.398926	-0.228516	-0.954198	4.519084	0.503817	3.235709
0.900391	0.398438	-0.233154	-1.083969	4.374046	0.251908	3.245995
0.897217	0.401611	-0.240967	-1.709924	3.633588	0.167939	3.256305
0.898926	0.399414	-0.243896	-2.282443	2.656489	-0.152672	3.267348
0.903076	0.386963	-0.240967	-0.893130	2.282443	-0.435115	3.277777
0.894531	0.395752	-0.248291	0.068702	1.229008	0.114504	3.288184
0.902344	0.398438	-0.251221	0.450382	2.145038	0.076336	3.298454
0.880859	0.410889	-0.233398	0.335878	3.000000	0.801527	3.308905
0.882324	0.417480	-0.237061	-0.297710	1.595420	1.374046	3.320085
0.882080	0.421143	-0.227295	-1.824427	0.564885	1.213740	3.329863
0.876709	0.421875	-0.229980	-3.580153	0.648855	1.206107	3.340413
0.884277	0.416504	-0.227539	-5.679389	0.809160	1.366412	3.350606
0.888428	0.410400	-0.241455	-7.160305	0.763359	2.137405	3.360935
0.890137	0.403320	-0.238770	-7.946565	-0.671756	2.305344	3.371731
0.894775	0.395264	-0.239014	-7.328244	-2.450382	2.526718	3.381997
0.914062	0.395264	-0.248779	-7.725191	-2.496183	2.458015	3.392511
0.929443	0.389648	-0.241699	-7.167939	-1.702290	1.778626	3.402920
0.933838	0.395020	-0.238281	-6.816794	-2.419847	1.541985	3.412994
0.949951	0.394043	-0.241211	-6.961832	-1.312977	0.045802	3.423733
0.945801	0.394287	-0.224609	-6.305344	-0.786260	0.320611	3.434122
0.949463	0.384033	-0.210693	-5.251908	-0.129771	-0.404580	3.444317
0.944580	0.394775	-0.206787	-4.015267	-1.022901	-0.129771	3.454531
0.933350	0.388184	-0.214355	-3.381679	-2.709924	0.885496	3.465056
0.941162	0.392822	-0.205078	-2.458015	-1.961832	1.893130	3.475421
0.951172	0.390869	-0.219238	-3.450382	-2.755725	1.854962	3.485777
0.944092	0.385498	-0.214111	-3.763359	1.412214	1.748092	3.495991
0.929932	0.390381	-0.220947	-3.259542	2.358779	2.007634	3.506285
0.935791	0.381836	-0.225342	-4.351145	3.099237	1.511450	3.516054
0.930908	0.384521	-0.234619	-4.824427	4.885496	1.030534	3.526632
0.918457	0.375488	-0.236816	-4.351145	4.450382	1.358779	3.537114
0.911865	0.369873	-0.230469	-3.923664	3.099237	1.099237	3.547417
0.911133	0.363281	-0.234131	-3.366412	4.458015	0.870229	3.557785
0.902832	0.362549	-0.233398	-2.580153	3.633588	0.923664	3.568031
0.905273	0.363037	-0.232666	-1.908397	1.267176	1.351145	3.578312
0.911133	0.369629	-0.240234	-2.099237	-0.038168	2.183206	3.588457
0.911133	0.375000	-0.238770	-2.351145	0.091603	3.541985	3.598949
0.932373	0.385498	-0.236328	-2.358779	2.839695	3.274809	3.609017
0.917236	0.374756	-0.236572	-2.625954	4.702290	2.366412	3.619664
0.909668	0.384033	-0.234375	-1.832061	5.190840	3.427481	3.630118
0.919678	0.389404	-0.226074	-2.083969	3.351145	3.076336	3.640294
0.919922	0.395752	-0.227051	-1.374046	1.885496	3.389313	3.650583
0.933105	0.403564	-0.222168	-2.503817	0.946565	3.274809	3.660639
0.933350	0.400391	-0.223877	-3.129771	-0.274809	3.648855	3.670840
0.943604	0.399902	-0.229980	-3.725191	-1.160305	4.320611	3.681241
0.941162	0.395020	-0.222900	-4.068702	-1.351145	5.068702	3.690882
0.965088	0.391602	-0.224854	-4.366412	-1.106870	5.503817	3.701504
0.969971	0.392578	-0.225342	-4.305344	-0.091603	5.587786	3.711558
0.972412	0.400635	-0.225586	-4.305344	1.687023	5.083969	3.721755
0.972412	0.399170	-0.215332	-4.809160	3.152672	4.473282	3.732014
0.972900	0.408447	-0.218750	-5.465649	4.541985	4.465649	3.741835
0.969971	0.409180	-0.212646	-5.618321	5.664122	3.854962	3.751951
0.963623	0.409912	-0.216797	-6.320611	6.740458	4.091603	3.761731
0.956299	0.413818	-0.224609	-6.603053	5.664122	4.938931	3.771570
0.964111	0.415283	-0.221924	-7.190840	9.519084	4.015267	3.780849
0.927246	0.416504	-0.212402	-7.236641	8.274809	4.381679	3.790018
0.922119	0.417480	-0.216064	-8.221374	9.969466	3.824427	3.800240
0.907471	0.417969	-0.211426	-9.213740	9.664122	4.679389	3.811029
0.888672	0.416016	-0.214111	-11.503817	6.793893	4.564885	3.821105
0.905762	0.396240	-0.214600	-13.022901	6.793893	4.274809	3.831482
0.898193	0.380127	-0.226074	-12.465649	4.320611	4.625954	3.842030
0.912842	0.376709	-0.223145	-11.419847	2.251908	4.129771	3.852360
0.918701	0.365234	-0.221191	-11.740458	0.480916	2.931298	3.862628
0.936279	0.361328	-0.227539	-9.778626	-0.633588	2.358779	3.873049
0.934326	0.356689	-0.217041	-10.465649	-1.061069	1.328244	3.884014
0.952637	0.360840	-0.217529	-9.977099	-0.083969	0.717557	3.894428
0.956543	0.362305	-0.212402	-9.992366	1.335878	0.595420	3.904858
0.952637	0.368164	-0.201172	-10.755725	1.534351	0.847328	3.915175
0.947754	0.374512	-0.193359	-12.274809	2.312977	1.007634	3.925172
0.943604	0.392822	-0.197021	-14.465649	3.404580	0.954198	3.935747
0.937256	0.394775	-0.187988	-17.236641	5.702290	0.404580	3.946347
0.916260	0.398193	-0.194824	-19.679389	7.038168	0.076336	3.956468
0.912354	0.398438	-0.187500	-20.526718	5.679389	0.267176	3.966788
0.936035	0.390869	-0.200195	-22.000000	3.877863	0.770992	3.976757
0.954346	0.384277	-0.202637	-21.770992	5.160305	1.305344	3.987421
0.950439	0.375977	-0.199463	-20.122137	6.259542	0.893130	3.997632
0.961426	0.364746	-0.178467	-17.290076	7.755725	0.473282	4.008291
0.944580	0.376465	-0.179932	-18.419847	9.068702	0.045802	4.018366
0.935059	0.390869	-0.177734	-17.618321	7.786260	0.496183	4.028315
0.928467	0.410156	-0.179199	-17.213740	4.740458	1.404580	4.039008
0.940430	0.401123	-0.161621	-18.572519	4.305344	0.450382	4.049553
0.945557	0.407959	-0.170898	-19.374046	6.679389	-0.473282	4.059715
0.927002	0.406982	-0.164795	-20.961832	9.076336	-0.809160	4.070178
0.942871	0.401367	-0.169434	-22.633588	9.648855	-0.381679	4.080771
0.950928	0.384521	-0.180908	-23.488550	11.045802	-0.114504	4.090926
0.947266	0.390381	-0.174072	-24.412214	11.931298	0.557252	4.101149
0.954102	0.383301	-0.187988	-25.244275	14.190840	-0.305344	4.111346
0.932617	0.382568	-0.181396	-24.343511	9.427481	1.122137	4.121755
0.983154	0.360107	-0.165527	-27.664122	12.290076	-0.419847	4.131849
0.949463	0.363770	-0.186035	-29.145038	17.534351	2.702290	4.141693
0.968506	0.342773	-0.172363	-29.763359	23.000000	1.839695	4.152318
0.939697	0.340576	-0.164307	-29.603053	15.587786	2.190840	4.162671
0.938232	0.331055	-0.160400	-30.160305	17.351145	-0.030534	4.172974
0.909912	0.334229	-0.165771	-26.877863	14.022901	-0.297710	4.183296
0.894775	0.344727	-0.133057	-29.519084	14.038168	0.625954	4.193557
0.884033	0.341797	-0.122314	-28.381679	16.145038	1.580153	4.203761
0.876221	0.334229	-0.102295	-26.580153	16.709924	1.167939	4.214253
0.860596	0.341553	-0.072266	-25.000000	14.862595	-0.740458	4.224863
0.851562	0.333008	-0.069092	-22.320611	11.381679	0.587786	4.234847
0.860596	0.345947	-0.081299	-21.717557	7.908397	2.206107	4.245263
0.877197	0.346924	-0.083740	-21.656489	8.374046	2.496183	4.255319
0.874023	0.344238	-0.086914	-22.549618	11.053435	2.297710	4.265713
0.874268	0.341553	-0.084961	-25.732824	9.824427	2.160305	4.275950
0.901611	0.315430	-0.048828	-20.641221	6.496183	4.030534	4.286305
0.911133	0.335938	-0.061035	-18.564885	5.755725	5.801527	4.296797
0.928711	0.330078	-0.074707	-18.053435	4.687023	6.564885	4.307132
0.941162	0.331055	-0.078613	-19.526718	4.045802	7.000000	4.317496
0.959961	0.342285	-0.077881	-17.435115	2.603053	7.320611	4.327696
0.990967	0.358643	-0.083740	-15.435115	0.877863	7.351145	4.337999
1.003174	0.368408	-0.069336	-14.961832	1.389313	7.061069	4.348389
1.004150	0.372559	-0.046387	-13.770992	1.366412	6.465649	4.358674
1.019531	0.405273	-0.051758	-13.145038	0.022901	6.290076	4.368976
1.021484	0.397461	-0.035400	-15.053435	2.870229	5.206107	4.379248
1.021240	0.394043	-0.037109	-14.900763	5.091603	3.511450	4.389712
1.027588	0.412598	-0.071533	-14.847328	8.091603	1.259542	4.399742
0.986572	0.408447	-0.134277	-13.244275	10.916031	-0.931298	4.409870
0.975830	0.384521	-0.158203	-14.549618	7.427481	-3.152672	4.420255
1.023193	0.378662	-0.179199	-10.137405	1.480916	-3.557252	4.430551
1.085449	0.387695	-0.198486	-9.717557	-0.702290	-6.000000	4.440950
1.139404	0.411133	-0.202881	-11.122137	4.755725	-7.854962	4.451313
1.123779	0.451172	-0.176270	-17.633588	10.862595	-14.679389	4.461556
1.068848	0.463867	-0.134033	-25.900763	15.534351	-15.870229	4.471967
0.980225	0.460693	-0.125977	-36.526718	15.893130	-16.748092	4.482095
0.914551	0.448730	-0.129639	-38.183206	18.404580	-19.259542	4.492461
0.835449	0.434814	-0.121338	-31.770992	15.229008	-22.961832	4.503155
0.786377	0.444580	-0.110107	-37.671756	13.992366	-23.221374	4.513221
0.800293	0.448730	-0.094971	-40.679389	17.755725	-22.000000	4.523998
0.812500	0.459961	-0.038330	-51.541985	23.175573	-23.374046	4.534648
0.820557	0.428711	0.032471	-54.931298	33.618321	-26.022901	4.544672
0.830322	0.405029	0.095215	-55.946565	39.106870	-29.099237	4.554925
0.899170	0.375732	0.064697	-62.221374	24.893130	-16.450382	4.565530
0.930420	0.325928	0.006348	-52.389313	26.190840	-11.778626	4.575838
0.872070	0.290527	-0.003662	-53.977099	26.091603	-7.099237	4.586474
0.885742	0.288330	0.045166	-41.076336	76.076336	-6.137405	4.596675
0.861328	0.334473	0.008301	-30.473282	62.770992	2.969466	4.607166
0.889648	0.374756	-0.017578	-31.022901	50.343511	4.305344	4.617115
0.932129	0.307861	0.065430	-24.847328	43.908397	-0.053435	4.626667
0.947266	0.337402	0.105469	-20.732824	26.916031	-2.351145	4.636950
0.867676	0.421875	0.117920	-22.992366	20.694656	-7.053435	4.647465
0.815186	0.426025	0.173340	-20.091603	21.854962	-6.030534	4.657461
0.764893	0.443604	0.160889	-18.221374	11.916031	-7.854962	4.667554
0.795410	0.450684	0.130371	-23.389313	-4.076336	-12.343511	4.677564
0.849609	0.446289	0.123291	-19.687023	-8.145038	-6.015267	4.687999
0.992676	0.396484	0.137695	-9.908397	-11.244275	2.610687	4.697701
1.025146	0.406006	0.130859	-21.748092	-12.969466	2.648855	4.707085
1.081543	0.395752	0.132080	-20.137405	0.106870	3.053435	4.716199
1.056152	0.387695	0.149658	-16.312977	8.786260	2.572519	4.726996
1.017090	0.401123	0.143066	-23.396947	3.000000	0.671756	4.737562
0.966797	0.392822	0.132080	-24.732824	-8.122137	-0.458015	4.747700
0.988281	0.412109	0.107666	-24.633588	-10.519084	-2.381679	4.757710
0.899658	0.449219	0.073730	-25.648855	-19.000000	3.328244	4.767674
1.002197	0.351562	0.119629	-24.160305	-4.473282	0.427481	4.778064
0.980957	0.351074	0.093750	-19.076336	0.717557	3.885496	4.788332
0.958252	0.345215	0.102783	-12.305344	14.458015	1.106870	4.798745
0.860596	0.339355	0.081787	-7.083969	11.396947	0.068702	4.808979
0.975342	0.339355	0.116455	-4.053435	20.778626	-7.839695	4.819536
0.822510	0.226562	0.177734	-6.175573	2.465649	11.503817	4.830106
0.933350	0.333496	0.112549	0.458015	17.801527	-8.465649	4.840397
0.917480	0.234131	0.178955	16.908397	12.595420	-1.580153	4.850842
0.845947	0.398438	0.062500	8.412214	8.526718	-15.610687	4.861001
0.867432	0.415527	0.059570	7.061069	13.725191	-14.175573	4.871181
0.822021	0.460205	0.055908	7.267176	21.511450	-8.389313	4.881482
0.823730	0.472168	0.052002	8.770992	34.648855	-5.519084	4.891864
0.798584	0.473633	0.069336	6.694656	30.709924	-3.099237	4.902066
0.814453	0.488770	0.077393	3.702290	25.419847	-2.549618	4.912309
0.798584	0.515381	0.062256	0.305344	21.847328	-2.618321	4.922657
0.802490	0.536377	0.056885	-1.229008	20.274809	-4.755725	4.933252
0.839111	0.543945	0.074219	1.534351	18.374046	-7.671756	4.943426
0.858398	0.474121	0.129883	2.412214	-1.198473	-2.389313	4.953723
0.907471	0.589111	0.069092	-6.435115	-14.328244	-11.824427	4.963899
1.088379	0.639893	0.088379	-6.839695	11.419847	1.946565	4.976852
1.070801	0.623779	0.140381	-24.740458	31.694656	-2.496183	4.987273
0.700439	0.658691	0.140137	-48.885496	16.748092	6.381679	4.997527
0.899658	0.479248	0.254395	-41.297710	28.549618	-7.603053	5.007755
0.816406	0.452393	0.279053	-42.435115	34.519084	-2.045802	5.017913
0.966309	0.357178	0.252930	0.022901	13.816794	-13.145038	5.028262
0.824707	0.271484	0.316162	-13.496183	25.893130	-3.961832	5.038677
0.658936	0.284912	0.241699	-1.625954	31.282443	-9.839695	5.048765
0.635254	0.241211	0.176270	17.870229	33.847328	-7.610687	5.058933
0.604980	0.197510	0.122559	22.740458	16.977099	-3.412214	5.069278
0.726074	0.186768	0.063477	31.175573	8.809160	3.442748	5.079442
0.869141	0.202881	0.043701	36.068702	17.465649	8.564885	5.090034
0.890625	0.238770	0.044189	41.832061	12.877863	16.541985	5.100269
0.897949	0.320312	0.065918	42.381679	10.755725	19.977099	5.110745
0.939209	0.487549	0.082275	36.236641	13.267176	16.526718	5.121446
0.897949	0.607666	0.145020	39.641221	10.358779	28.297710	5.132252
0.948975	0.667725	0.244873	35.763359	-12.809160	38.335878	5.142661
1.002930	0.682373	0.281982	32.000000	-38.442748	50.198473	5.152516
1.066406	0.678711	0.275879	10.038168	-53.167939	46.053435	5.162866
1.058350	0.634277	0.319824	-8.175573	-47.511450	29.603053	5.172931
0.950684	0.597168	0.326416	-24.091603	-44.282443	12.908397	5.183570
0.958008	0.540039	0.320068	-37.282443	-32.786260	-6.557252	5.194152
0.927979	0.479980	0.281738	-38.374046	-31.549618	-12.786260	5.204631
0.733398	0.344971	0.324219	-39.633588	-48.015267	-14.206107	5.215014
0.869873	0.451660	0.160889	-41.977099	-75.137405	-13.625954	5.225499
0.832520	0.190430	0.207031	-26.007634	-55.091603	21.847328	5.236104
0.743408	0.082031	0.237549	-20.778626	-40.671756	18.045802	5.246515
0.762451	0.079346	0.200684	0.717557	-28.801527	2.458015	5.256106
0.696289	0.108398	0.183838	8.312977	-27.473282	-13.557252	5.266562
0.646240	0.102783	0.156006	20.938931	-38.572519	-7.580153	5.275952
0.684814	0.116943	0.150391	34.923664	-42.969466	4.610687	5.286893
0.690186	0.160889	0.141113	49.603053	-46.954198	14.549618	5.297155
0.714111	0.191895	0.098633	67.267176	-52.473282	16.732824	5.307410
0.685547	0.226074	0.055420	75.206107	-68.793893	15.206107	5.317953
0.740723	0.296143	0.002441	83.076336	-77.580153	12.083969	5.328084
0.724854	0.401367	-0.068604	80.206107	-80.450382	15.519084	5.338591
0.739014	0.444580	-0.099365	74.832061	-87.114504	18.770992	5.348915
0.736816	0.474365	-0.132324	53.183206	-101.473282	13.694656	5.358889
0.969482	0.467285	-0.040527	64.465649	-68.206107	17.083969	5.369373
0.883057	0.484863	-0.051758	68.167939	-82.664122	26.519084	5.379759
0.711914	0.452393	-0.219482	27.076336	-87.641221	50.053435	5.390177
0.796875	0.603760	-0.086426	23.664122	-60.427481	48.488550	5.400327
0.892334	0.620850	-0.209961	36.366412	-57.946565	50.251908	5.410447
0.801025	0.625732	-0.300537	58.427481	-69.702290	43.038168	5.420815
0.739502	0.552002	-0.229248	43.068702	-67.648855	45.832061	5.431146
0.812500	0.570068	-0.168457	20.244275	-65.083969	42.656489	5.441339
0.833496	0.652344	-0.265625	30.389313	-61.435115	46.458015	5.451660
0.767578	0.635986	-0.271484	20.511450	-60.679389	60.419847	5.461871
0.779541	0.587402	-0.239746	18.381679	-59.534351	65.000000	5.472144
0.758545	0.536133	-0.208740	11.419847	-43.877863	67.687023	5.482718
0.803955	0.517334	-0.156738	20.778626	-30.900763	68.877863	5.493003
0.804688	0.568359	-0.078125	40.893130	12.641221	52.931298	5.502972
0.665771	0.323242	-0.115479	62.511450	19.885496	65.328244	5.512907
0.567383	0.366699	-0.495850	74.709924	-14.007634	91.603053	5.523488
0.620850	0.290771	-0.471680	-10.389313	12.694656	111.083969	5.533869
0.686768	0.409180	-0.251465	36.328244	40.412214	131.709924	5.544258
0.870361	0.489258	-0.243408	24.335878	43.992366	140.137405	5.554552
0.937256	0.306396	-0.252441	5.022901	33.427481	138.824427	5.564567
0.960449	0.161133	-0.177002	1.992366	27.412214	144.992366	5.574787
0.921631	0.149414	-0.096436	-1.320611	8.152672	132.320611	5.585365
1.041260	0.032715	-0.243164	-61.732824	-5.801527	107.679389	5.595715
1.316895	-0.117676	-0.250977	-103.549618	12.534351	76.175573	5.605964
1.617188	-0.324951	-0.272949	-142.572519	25.305344	61.885496	5.615777
1.417480	-1.749756	-0.122559	-172.618321	1.854962	-14.770992	5.626505
1.999939	-1.101562	0.801025	83.877863	-216.106870	-61.549618	5.636598
1.353760	-1.485352	-0.163574	152.778626	-170.328244	-59.152672	5.647027
0.931396	-0.817383	0.054443	104.412214	-41.770992	46.198473	5.657372
1.207275	-0.350098	-0.325439	250.129771	52.793893	-14.496183	5.667338
0.768066	0.003418	-0.535156	231.427481	23.290076	16.618321	5.677846
0.734619	0.154053	-0.548828	212.938931	-16.030534	62.106870	5.688300
0.647949	0.294434	-0.492432	185.900763	-39.984733	104.885496	5.698475
0.650391	0.465332	-0.517090	170.259542	-57.007634	125.511450	5.708546
0.740967	0.425293	-0.574219	157.564885	-65.305344	151.427481	5.718818
0.979004	0.144287	-0.415771	183.580153	-48.442748	141.755725	5.728967
1.059570	0.197021	-0.428467	135.931298	-32.832061	77.908397	5.741058
1.224121	0.048584	-0.415771	89.786260	-17.923664	12.816794	5.753269
1.222412	-0.158447	-0.343018	82.167939	-21.847328	-10.610687	5.765195
1.052490	0.084961	-0.533447	33.351145	-25.717557	-19.229008	5.777183
1.052002	-0.145752	-0.228516	60.152672	14.763359	18.625954	5.788666
1.155518	0.081055	-0.373535	28.648855	34.954198	-13.847328	5.800927
0.950439	0.030029	-0.280273	-23.908397	35.931298	-9.091603	5.812467
0.767578	-0.053711	-0.268555	-23.374046	1.473282	-24.419847	5.824638
0.789062	-0.129150	-0.252686	-5.358779	22.511450	-1.244275	5.836377
0.803711	0.026367	-0.280273	22.175573	24.274809	28.740458	5.848501
1.214844	-2.000000	0.171631	-142.404580	53.427481	15.786260	5.860555
1.092773	-0.828125	-0.037598	250.129771	95.015267	-35.984733	5.872021
0.881836	-0.150879	-0.322266	250.129771	64.030534	-58.801527	5.884592
1.063232	-0.292725	-0.367432	250.129771	39.908397	-74.259542	5.895873
1.061035	-0.266602	-0.360352	250.129771	46.893130	-74.770992	5.907824
1.031250	-0.080811	-0.402832	250.129771	82.175573	-87.297710	5.919774
0.977539	0.410645	-0.298096	250.129771	103.717557	-41.580153	5.931681
1.311279	0.805176	-0.085205	162.198473	20.175573	1.282443	5.943359
1.999939	0.740723	-0.265381	72.854962	-60.877863	2.145038	5.956017
1.999939	1.010742	-0.457764	-151.381679	19.694656	22.206107	5.967809
1.450195	0.619141	-0.645752	-232.305344	25.473282	46.839695	5.979374
1.138428	0.459717	-0.904297	-250.137405	-11.694656	51.236641	5.991103
0.999512	0.044434	-0.926758	-250.137405	-5.992366	27.427481	6.003226
0.790283	-0.353027	-0.517822	-250.137405	5.625954	-3.305344	6.014851
0.647217	-0.576660	-0.006592	-250.137405	-25.641221	-38.351145	6.026737
0.827881	-1.083008	0.375000	-170.709924	-25.694656	-54.877863	6.038698
0.782959	-1.439697	0.527100	11.190840	-9.580153	-83.526718	6.050524
1.053223	-1.064941	-0.052002	164.656489	0.702290	-23.320611	6.062624
1.132812	-0.528564	-0.381836	250.129771	-3.793893	31.129771	6.074287
1.202148	0.001709	-0.644775	250.129771	-3.328244	75.755725	6.086071
1.256104	0.541016	-0.494385	230.946565	-4.541985	77.664122	6.097613
1.350830	0.834473	-0.384277	142.580153	-23.198473	45.129771	6.109676
1.231445	0.930664	-0.430420	17.908397	-28.374046	3.519084	6.121429
1.139404	0.686035	-0.417725	-87.198473	-23.763359	-17.442748	6.133198
1.095459	0.346924	-0.400146	-150.206107	-9.305344	-3.816794	6.144983
1.017822	0.063232	-0.388916	-156.893130	-3.419847	22.358779	6.156672
1.050293	-0.154053	-0.360352	-155.000000	-2.549618	36.198473	6.168935
1.098877	-0.287842	-0.302734	-132.488550	-1.625954	39.496183	6.180291
1.134766	-0.321533	-0.254395	-113.083969	9.709924	29.877863	6.191888
0.989258	-0.360840	-0.203125	-82.923664	4.870229	14.625954	6.203912
0.988281	-0.386963	-0.153809	-52.396947	1.954198	4.870229	6.215709
0.870117	-0.289307	-0.188721	-16.114504	-35.503817	-0.274809	6.227436
0.953613	-0.223389	-0.239014	12.244275	-53.015267	0.946565	6.239056
0.956787	-0.114746	-0.232422	34.458015	-51.183206	3.961832	6.251205
0.942383	-0.014648	-0.225586	36.656489	-42.213740	0.526718	6.263160
0.926514	0.031738	-0.228516	26.007634	-33.557252	-2.198473	6.274809
0.924072	0.047363	-0.197266	3.412214	-20.000000	-2.740458	6.286616
0.874512	0.118896	-0.175781	-41.961832	-0.725191	-1.236641	6.298281
0.889404	-0.108398	-0.178711	-4.190840	-10.656489	11.893130	6.310459
0.925537	-0.065430	-0.229248	-34.106870	-16.099237	1.435115	6.322177
1.010498	-0.158691	-0.211670	-41.442748	-2.847328	-4.213740	6.334125
0.774170	0.049805	-0.356689	-87.328244	-5.656489	-21.083969	6.345842
0.720459	-0.457275	-0.064209	-12.030534	-21.450382	-2.709924	6.357811
0.868896	-0.347168	-0.208008	-65.236641	-43.656489	-44.931298	6.369761
0.979980	-0.411621	-0.177002	-45.664122	-55.549618	-52.603053	6.381325
1.082275	-0.167236	-0.263672	-39.091603	-29.610687	-65.320611	6.393220
1.015137	-0.093506	-0.175537	-14.396947	15.564885	-53.793893	6.404669
0.949463	0.019287	-0.358154	-21.725191	39.671756	-42.511450	6.415814
0.924805	-0.040527	-0.397705	-33.396947	57.381679	-23.709924	6.428148
0.904053	0.108154	-0.428223	-36.435115	59.564885	-19.251908	6.439931
1.041992	0.053223	-0.382812	-56.839695	89.045802	3.580153	6.452538
1.043945	0.046875	-0.330811	-48.282443	94.610687	10.465649	6.464543
1.076660	0.021484	-0.346191	-54.053435	70.587786	1.198473	6.476535
1.030762	0.047119	-0.388184	-48.297710	26.351145	-8.648855	6.488256
1.011230	0.043945	-0.334229	-47.000000	-12.916031	-19.748092	6.500193
0.996582	0.020752	-0.275879	-58.748092	-30.793893	-32.832061	6.512186
0.959961	-0.057617	-0.270264	-39.618321	-26.137405	-29.229008	6.524078
0.972412	-0.208740	-0.219971	-20.297710	-14.984733	-12.977099	6.535555
0.979736	-0.257324	-0.198975	6.320611	-10.083969	-1.351145	6.547038
0.976318	-0.288330	-0.155518	25.496183	-8.450382	5.748092	6.558947
0.947266	-0.191162	-0.147461	48.618321	-12.770992	8.572519	6.571332
0.921875	-0.003174	-0.204102	52.328244	-19.809160	1.122137	6.583429
0.945312	0.136719	-0.249756	46.717557	-31.862595	-3.412214	6.595158
0.998535	0.214844	-0.296387	20.854962	-31.015267	-3.374046	6.607813
0.994141	0.144531	-0.270020	-5.564885	-20.564885	-4.007634	6.619716
0.966553	0.071533	-0.192871	-22.145038	-2.679389	-5.526718	6.631192
0.939941	-0.032471	-0.156738	-27.725191	10.038168	-5.450382	6.642951
0.933838	-0.141113	-0.140625	-24.954198	19.664122	0.000000	6.654918
0.941650	-0.236084	-0.226074	-2.519084	24.916031	3.068702	6.666844
0.998779	-0.278809	-0.267334	18.793893	34.717557	5.778626	6.678556
0.990234	-0.230225	-0.341553	41.160305	33.358779	6.526718	6.690011
1.010254	-0.228027	-0.351318	62.488550	30.786260	1.992366	6.702321
1.124023	-0.217285	-0.354980	65.526718	52.419847	-17.442748	6.713296
0.939941	-0.055664	-0.343018	52.251908	41.320611	-28.022901	6.725424
0.868896	0.000977	-0.269775	51.931298	26.152672	-14.679389	6.736842
0.966064	0.050049	-0.250977	51.557252	22.839695	-2.832061	6.748773
1.023926	0.068848	-0.218018	51.358779	33.793893	-2.351145	6.761079
0.991211	0.040527	-0.177734	43.343511	41.709924	-6.587786	6.772878
1.030273	-0.020752	-0.164551	34.801527	27.503817	-7.694656	6.784953
1.048096	-0.048584	-0.213135	26.954198	33.381679	-16.984733	6.796071
0.979492	-0.072266	-0.180664	28.793893	33.664122	-8.114504	6.808183
0.917480	-0.109375	-0.206787	31.984733	34.381679	-2.801527	6.820047
0.933838	-0.123047	-0.224609	35.854962	27.641221	0.595420	6.831471
0.984619	-0.117676	-0.208984	43.549618	34.015267	-2.801527	6.843242
0.999512	-0.124023	-0.231689	47.015267	25.427481	-4.305344	6.855225
0.949951	-0.119629	-0.191162	51.664122	25.374046	-5.885496	6.867085
0.933594	-0.089844	-0.141113	63.770992	26.091603	-1.969466	6.878785
0.991943	-0.050537	-0.126709	63.000000	23.877863	1.946565	6.890886
0.999023	-0.067627	-0.129395	63.022901	31.625954	3.435115	6.903104
1.000732	-0.015381	-0.131348	55.458015	40.786260	1.763359	6.915014
0.968262	-0.128906	-0.039062	42.305344	53.564885	3.839695	6.926680
0.918213	-0.045410	-0.070312	42.137405	47.984733	3.450382	6.938555
0.949463	-0.149658	-0.034180	27.961832	39.396947	3.328244	6.950694
0.972412	-0.175049	-0.065918	25.870229	43.114504	0.770992	6.962493
0.971680	-0.225830	-0.035400	20.328244	45.992366	-8.435115	6.977266
0.940186	-0.218262	-0.076904	23.549618	50.114504	-8.603053	6.988892
0.864258	-0.224121	-0.016113	22.580153	45.458015	-2.885496	7.000489
0.861084	-0.229248	-0.029053	18.175573	40.465649	5.717557	7.012163
0.891113	-0.143555	-0.005615	28.885496	35.160305	17.167939	7.023120
0.949707	-0.117920	-0.013428	32.198473	38.511450	21.198473	7.035592
0.956543	-0.154541	-0.044434	39.366412	41.908397	19.595420	7.047299
0.971680	-0.091064	-0.040771	31.549618	30.839695	20.358779	7.059350
0.964355	-0.086182	-0.027588	36.076336	15.725191	27.358779	7.070978
0.972168	-0.114258	0.021973	38.160305	6.175573	28.839695	7.081881
0.977051	-0.068115	0.048584	50.580153	0.603053	30.709924	7.092377
0.974121	-0.027344	0.063721	48.664122	-3.396947	37.190840	7.103013
0.947266	-0.052246	0.140869	49.442748	-1.755725	40.053435	7.115029
0.946777	-0.059326	0.166260	56.503817	-1.656489	41.053435	7.127351
0.980225	-0.062744	0.161377	67.633588	-8.419847	45.381679	7.138915
1.023438	-0.051514	0.154297	74.389313	-17.954198	49.167939	7.151455
