1.024658	-0.251221	-0.097656	3.488550	-2.244275	-2.595420	0.006793
1.029785	-0.305176	-0.106445	5.725191	-3.648855	-5.679389	0.017279
1.046143	-0.351562	-0.088135	5.236641	-5.923664	-10.854962	0.027655
1.052246	-0.343506	-0.089355	9.290076	-5.870229	-13.732824	0.037675
1.040771	-0.303955	-0.081543	18.267176	-3.977099	-11.725191	0.048155
1.018066	-0.263184	-0.057861	25.221374	-3.129771	-3.190840	0.058199
1.015625	-0.239258	-0.077393	26.687023	-3.412214	-0.198473	0.068198
1.028809	-0.223389	-0.082275	25.267176	-4.610687	-1.007634	0.078367
1.030273	-0.209473	-0.084229	22.748092	-5.740458	-2.603053	0.088355
1.028076	-0.183594	-0.085449	19.534351	-5.625954	-2.977099	0.098387
1.012207	-0.169434	-0.082275	15.587786	-4.480916	-1.488550	0.108341
0.994385	-0.138184	-0.085449	12.580153	-2.748092	2.038168	0.118530
0.981445	-0.079834	-0.107422	8.274809	-1.045802	5.221374	0.128525
0.972656	-0.067871	-0.104492	1.916031	-0.229008	6.908397	0.138573
0.971680	-0.107422	-0.107666	-7.068702	-1.068702	4.519084	0.148547
0.999268	-0.144775	-0.095703	-18.038168	-1.778626	0.717557	0.158523
1.014404	-0.213623	-0.063721	-27.961832	-2.381679	-2.427481	0.168533
1.028564	-0.289307	-0.058838	-30.335878	-2.511450	-4.534351	0.178580
1.022217	-0.304688	-0.052734	-24.000000	-1.175573	-2.412214	0.188538
0.984375	-0.268555	-0.053223	-16.129771	1.022901	2.244275	0.198622
0.983398	-0.243408	-0.046875	-12.633588	0.877863	4.839695	0.208591
1.015869	-0.278076	-0.074951	-15.419847	-1.938931	1.458015	0.220438
1.043213	-0.301758	-0.053955	-17.007634	-4.458015	-3.068702	0.232577
1.021729	-0.206055	-0.011719	-18.801527	-3.076336	1.312977	0.244306
0.999023	-0.132080	-0.027100	-20.580153	0.282443	7.450382	0.256135
1.000732	-0.177490	-0.065430	-23.183206	-0.435115	8.839695	0.268113
1.011475	-0.224854	-0.102539	-27.900763	-1.335878	1.709924	0.279938
1.021729	-0.237305	-0.099609	-31.839695	-0.007634	-1.404580	0.291905
1.014160	-0.232910	-0.091309	-33.862595	1.007634	0.053435	0.303309
1.046875	-0.285400	-0.118652	-32.450382	1.519084	-0.503817	0.315638
1.071045	-0.374023	-0.117676	-20.946565	1.885496	-4.282443	0.327385
1.039307	-0.350586	-0.084717	-8.839695	3.694656	-3.603053	0.338862
1.005859	-0.293457	-0.063965	0.725191	3.832061	0.534351	0.350751
1.024658	-0.252686	-0.073486	4.190840	2.480916	0.519084	0.362860
1.024902	-0.259521	-0.090576	5.015267	1.297710	-3.297710	0.374784
1.023438	-0.240234	-0.082764	6.396947	1.580153	-4.480916	0.386238
1.016357	-0.191162	-0.071045	6.251908	2.625954	-1.251908	0.398002
0.997803	-0.153320	-0.087158	3.908397	3.832061	1.442748	0.410090
1.002930	-0.171875	-0.098389	-2.412214	4.610687	0.068702	0.422005
1.008789	-0.191162	-0.088379	-9.061069	4.183206	-3.259542	0.433819
1.008789	-0.197998	-0.076904	-14.145038	5.320611	-3.305344	0.445440
1.022949	-0.206299	-0.064453	-15.969466	6.816794	-1.145038	0.457603
1.007812	-0.201660	-0.069824	-14.022901	9.106870	1.221374	0.469381
1.006104	-0.210449	-0.074707	-13.977099	9.740458	2.229008	0.481242
1.013184	-0.216797	-0.060791	-14.946565	8.083969	0.755725	0.492389
1.029541	-0.214111	-0.060791	-17.801527	5.801527	-0.656489	0.503551
1.043701	-0.181885	-0.062012	-19.709924	5.419847	-1.954198	0.516057
1.038574	-0.185059	-0.067627	-21.206107	5.900763	1.732824	0.527878
1.046387	-0.228516	-0.069092	-21.732824	4.198473	-0.045802	0.539754
1.038574	-0.236816	-0.075439	-22.061069	2.717557	-1.969466	0.551507
1.031006	-0.256348	-0.073730	-21.564885	0.847328	-3.709924	0.563610
1.023438	-0.268555	-0.075684	-20.832061	0.221374	-5.053435	0.575459
1.030273	-0.291992	-0.071533	-17.427481	-0.022901	-6.137405	0.586998
1.029053	-0.306885	-0.099609	-11.213740	-0.183206	-6.893130	0.598884
1.018799	-0.306396	-0.069336	-4.778626	-0.595420	-6.145038	0.611187
1.019775	-0.302734	-0.091064	-0.114504	-1.045802	-6.816794	0.622832
1.018066	-0.312744	-0.100342	7.671756	-2.908397	-9.099237	0.634724
1.027832	-0.335938	-0.098389	16.152672	-5.534351	-12.267176	0.646265
1.023193	-0.339111	-0.082031	22.839695	-7.732824	-12.954198	0.658221
1.003906	-0.285400	-0.041992	26.641221	-7.648855	-9.091603	0.670028
0.970459	-0.125000	-0.061768	27.320611	-3.320611	0.465649	0.681961
0.976807	-0.106201	-0.068848	23.465649	-3.961832	0.938931	0.693694
1.018555	-0.183838	-0.112061	14.114504	-6.854962	-6.564885	0.705291
1.033447	-0.204102	-0.084473	4.801527	-8.114504	-9.282443	0.718137
1.041504	-0.201172	-0.072510	3.099237	-6.427481	-6.297710	0.730051
1.029297	-0.222900	-0.081055	7.488550	-4.427481	-3.839695	0.742306
1.016602	-0.222656	-0.076660	10.740458	-4.351145	-3.221374	0.754242
1.007568	-0.226074	-0.083252	10.587786	-4.839695	-4.725191	0.765538
1.010986	-0.215820	-0.080811	9.290076	-6.206107	-6.053435	0.776191
1.015625	-0.182373	-0.071045	7.519084	-7.114504	-4.717557	0.787203
1.023193	-0.151611	-0.068359	5.511450	-5.290076	-1.229008	0.798886
1.030029	-0.126709	-0.053711	1.671756	-4.061069	0.671756	0.811010
1.038574	-0.145752	-0.079346	-4.114504	-5.595420	1.206107	0.822759
1.042480	-0.150635	-0.072998	-9.916031	-6.022901	-0.488550	0.834540
1.036865	-0.176025	-0.082764	-15.137405	-5.618321	-2.022901	0.846383
1.030518	-0.220459	-0.087158	-16.419847	-5.656489	-2.954198	0.857847
1.029297	-0.257080	-0.090088	-13.152672	-4.854962	-4.160305	0.869670
1.030762	-0.274658	-0.078613	-9.152672	-4.076336	-3.954198	0.881481
1.034668	-0.300781	-0.084229	-2.931298	-4.282443	-4.877863	0.893434
1.038330	-0.290039	-0.086426	3.992366	-4.824427	-5.206107	0.905253
1.016113	-0.245605	-0.079834	10.465649	-4.175573	-3.839695	0.917030
1.030762	-0.216309	-0.085693	14.778626	-4.618321	-4.099237	0.928970
1.045166	-0.248291	-0.103760	16.320611	-6.335878	-7.389313	0.940879
1.052490	-0.265869	-0.113281	18.847328	-7.412214	-9.625954	0.952648
1.047607	-0.244385	-0.090332	19.916031	-8.122137	-8.122137	0.964805
1.025146	-0.210449	-0.081055	21.419847	-5.908397	-3.381679	0.979241
1.013428	-0.198975	-0.109375	24.000000	-4.465649	-3.618321	0.991159
1.026855	-0.229736	-0.098389	24.427481	-4.564885	-6.862595	1.003303
1.028809	-0.254639	-0.098877	21.984733	-5.557252	-10.541985	1.015422
1.040283	-0.280762	-0.095215	22.862595	-4.916031	-11.152672	1.027133
1.029297	-0.207520	-0.067627	23.824427	-2.030534	-4.450382	1.038922
1.010010	-0.173584	-0.084473	23.992366	1.045802	-0.625954	1.051223
0.997559	-0.164307	-0.097900	24.732824	1.916031	-2.374046	1.063249
1.005371	-0.191162	-0.112549	22.442748	0.000000	-6.946565	1.074855
1.010742	-0.217285	-0.110107	19.290076	-2.022901	-8.053435	1.086701
1.012207	-0.216309	-0.101074	18.160305	-1.221374	-5.412214	1.098296
0.996338	-0.167236	-0.081299	19.396947	2.167939	0.068702	1.110574
0.976074	-0.116943	-0.089111	20.572519	4.854962	3.770992	1.122301
0.976562	-0.124756	-0.117676	17.396947	4.854962	1.519084	1.134024
1.016113	-0.176514	-0.123535	11.664122	1.625954	-5.106870	1.145797
1.060547	-0.261230	-0.114990	5.343511	-1.259542	-8.748092	1.157359
1.062988	-0.257812	-0.059326	4.129771	-0.396947	-4.847328	1.169688
1.037598	-0.198242	-0.033203	8.572519	3.427481	4.160305	1.181365
1.026367	-0.155273	-0.030273	11.900763	5.099237	6.931298	1.192630
1.000244	-0.145508	-0.048828	10.595420	4.000000	5.137405	1.202528
1.018799	-0.171387	-0.073975	5.870229	0.885496	-1.106870	1.213269
1.027832	-0.196289	-0.084961	0.763359	-1.045802	-4.625954	1.223339
1.037598	-0.202637	-0.086182	-2.442748	-1.664122	-3.244275	1.233488
1.032227	-0.177246	-0.057617	-3.572519	0.175573	2.122137	1.243812
1.012939	-0.152100	-0.055908	-4.770992	1.931298	6.358779	1.254397
1.007080	-0.128418	-0.060791	-6.648855	1.961832	11.511450	1.264753
0.981689	-0.105957	-0.082520	-9.374046	2.725191	11.175573	1.275031
0.984375	-0.107422	-0.087158	-15.923664	3.000000	9.847328	1.285273
1.003418	-0.199219	-0.122559	-23.442748	0.885496	2.038168	1.295812
1.032471	-0.287109	-0.099609	-23.450382	-2.824427	-5.671756	1.305693
1.046875	-0.330322	-0.063721	-25.374046	-4.549618	-6.870229	1.316336
1.041016	-0.300049	-0.026855	-17.534351	-2.335878	-0.862595	1.326607
1.016602	-0.237549	-0.006348	-10.763359	-0.190840	4.847328	1.336988
1.003662	-0.187012	-0.012939	-6.908397	0.206107	7.801527	1.347337
0.989014	-0.140625	-0.050293	-6.122137	-0.167939	5.961832	1.357724
0.992920	-0.141113	-0.062256	-12.732824	0.122137	1.839695	1.368000
1.024170	-0.174316	-0.094238	-21.145038	-0.282443	-2.877863	1.378411
1.055420	-0.193848	-0.101562	-24.977099	-0.839695	-4.053435	1.389386
1.076660	-0.271973	-0.076416	-28.038168	-1.396947	-3.954198	1.400172
1.072021	-0.333496	-0.070068	-22.923664	-2.694656	-5.045802	1.409924
1.050781	-0.298096	-0.045898	-14.244275	-1.664122	-3.679389	1.420578
1.022461	-0.258057	-0.049072	-5.045802	0.488550	-1.946565	1.430935
1.004639	-0.251709	-0.061768	3.572519	1.290076	-2.061069	1.441482
1.020996	-0.276123	-0.089844	2.893130	-2.442748	-6.648855	1.452066
1.029297	-0.276611	-0.108643	7.954198	-2.419847	-9.740458	1.462306
1.037842	-0.258301	-0.112061	7.274809	1.778626	-11.732824	1.472666
1.037842	-0.213379	-0.097900	11.572519	2.847328	-5.633588	1.483040
1.047607	-0.204590	-0.095703	15.541985	0.992366	-0.282443	1.493107
1.041992	-0.235107	-0.084717	17.633588	0.389313	-1.221374	1.503441
1.028564	-0.232178	-0.079834	18.358779	-1.587786	-3.038168	1.513639
1.019531	-0.216309	-0.069092	16.809160	-2.694656	-4.473282	1.524170
1.014648	-0.184570	-0.062500	14.259542	-2.786260	-4.809160	1.534363
1.007080	-0.153564	-0.076660	11.687023	-0.458015	-0.267176	1.544421
0.990967	-0.116699	-0.079102	8.961832	1.847328	3.503817	1.554917
0.993652	-0.110596	-0.105713	2.152672	2.312977	4.946565	1.565367
0.997314	-0.092285	-0.109375	-3.687023	2.480916	4.274809	1.574909
0.995850	-0.069336	-0.104980	-12.893130	2.854962	4.389313	1.585613
1.017578	-0.088623	-0.072510	-23.053435	1.809160	3.687023	1.595910
1.039307	-0.131836	-0.078125	-31.961832	1.587786	2.381679	1.605598
1.034912	-0.154053	-0.062988	-37.801527	1.702290	1.801527	1.616427
1.026367	-0.152344	-0.037354	-39.809160	3.076336	2.969466	1.626927
1.016846	-0.154297	-0.020508	-43.312977	2.732824	4.213740	1.637206
1.020996	-0.153809	-0.029541	-47.305344	1.595420	4.473282	1.647562
1.018066	-0.118896	-0.004150	-55.671756	1.816794	6.297710	1.657938
1.001221	-0.124512	-0.006836	-65.335878	3.740458	7.778626	1.667951
0.981201	-0.149902	-0.062500	-71.450382	3.938931	6.832061	1.678367
0.978760	-0.192139	-0.107178	-74.534351	6.687023	4.641221	1.688233
1.045654	-0.318115	-0.110107	-75.603053	3.427481	-3.160305	1.698834
1.100098	-0.485107	-0.132324	-69.198473	-0.931298	-11.725191	1.709027
1.109131	-0.564209	-0.119873	-53.961832	-3.885496	-17.755725	1.719289
1.063965	-0.481201	-0.067627	-30.541985	-1.786260	-10.381679	1.729373
1.004883	-0.333252	-0.038330	-10.946565	2.007634	3.534351	1.739513
0.981445	-0.251221	-0.039551	2.190840	2.969466	8.076336	1.749662
0.982666	-0.213623	-0.069092	6.519084	2.076336	4.114504	1.759995
1.010742	-0.222900	-0.113770	5.427481	0.045802	-2.145038	1.769602
1.026611	-0.267578	-0.137451	4.099237	-3.259542	-7.648855	1.779560
1.059326	-0.255371	-0.131104	4.381679	-3.618321	-8.572519	1.790075
1.039795	-0.223633	-0.100342	4.992366	-0.030534	0.610687	1.800355
1.027832	-0.215332	-0.092041	10.687023	1.190840	5.816794	1.810656
1.008789	-0.223633	-0.064209	14.664122	0.992366	3.954198	1.820858
1.019043	-0.238525	-0.066406	11.832061	-0.557252	1.931298	1.831252
1.003906	-0.183350	-0.093994	7.595420	-0.183206	-1.473282	1.841477
1.000732	-0.162354	-0.091553	4.900763	1.366412	-0.931298	1.851730
1.018799	-0.190430	-0.092041	1.442748	2.328244	-0.717557	1.862472
1.024414	-0.225098	-0.088623	-0.732824	3.022901	-0.282443	1.872732
1.014893	-0.205322	-0.086182	-2.007634	3.190840	1.290076	1.882841
1.007324	-0.173584	-0.080811	-3.038168	3.687023	1.641221	1.893048
1.024658	-0.162842	-0.073486	-3.938931	2.664122	1.717557	1.903390
1.024170	-0.165283	-0.080322	-5.152672	0.679389	0.961832	1.913723
1.032959	-0.186035	-0.065186	-8.053435	0.679389	-0.381679	1.923176
1.031250	-0.193359	-0.072510	-10.251908	0.603053	-1.648855	1.933873
1.027588	-0.188965	-0.068604	-11.557252	0.923664	-1.297710	1.943994
1.018066	-0.195068	-0.073486	-13.076336	0.862595	0.374046	1.954116
1.027588	-0.232666	-0.079346	-13.687023	1.167939	0.000000	1.964787
1.033203	-0.263428	-0.086426	-11.847328	0.824427	-2.015267	1.974890
1.031006	-0.273438	-0.083496	-7.725191	0.335878	-3.290076	1.985065
1.033447	-0.270996	-0.072754	-2.832061	0.526718	-1.572519	1.995371
1.015869	-0.254883	-0.075195	0.725191	1.595420	0.587786	2.005725
1.020508	-0.240479	-0.076172	3.389313	1.656489	-0.160305	2.016581
1.004883	-0.221680	-0.077393	5.717557	2.198473	1.030534	2.026924
1.020020	-0.218262	-0.069824	4.641221	0.763359	0.809160	2.037577
1.023438	-0.207275	-0.075195	0.396947	-0.274809	0.687023	2.047668
1.015625	-0.196045	-0.068115	-2.854962	-0.931298	0.862595	2.057707
1.024170	-0.200928	-0.061035	-5.015267	-2.114504	0.610687	2.067828
1.019531	-0.203369	-0.068359	-7.213740	-2.251908	0.412214	2.078418
1.010986	-0.202881	-0.072510	-8.229008	-2.625954	0.122137	2.088802
1.007080	-0.195557	-0.053955	-9.877863	-2.183206	-0.030534	2.098879
1.004395	-0.184326	-0.066406	-11.419847	-0.908397	0.366412	2.109509
1.007568	-0.153076	-0.057129	-12.854962	-0.274809	1.816794	2.119838
1.021729	-0.148926	-0.052734	-17.076336	0.358779	2.954198	2.130075
1.027832	-0.144531	-0.055420	-21.908397	0.938931	3.572519	2.140245
1.032227	-0.122070	-0.059082	-25.816794	1.480916	4.893130	2.150534
1.029785	-0.119385	-0.038086	-30.190840	2.534351	6.549618	2.161074
1.024170	-0.126465	-0.055664	-32.938931	3.450382	6.824427	2.171367
1.029297	-0.143799	-0.049072	-36.610687	3.748092	6.954198	2.181247
1.032959	-0.167480	-0.077637	-38.793893	4.015267	6.267176	2.191680
1.036133	-0.167969	-0.087158	-39.366412	4.816794	6.358779	2.201757
1.048340	-0.198486	-0.091553	-38.328244	5.297710	7.595420	2.212123
1.052979	-0.226562	-0.087891	-36.557252	5.503817	5.969466	2.222502
1.058105	-0.236328	-0.076172	-30.900763	5.038168	4.801527	2.232646
1.044189	-0.221680	-0.073975	-25.007634	5.068702	7.335878	2.243096
1.036621	-0.239014	-0.065186	-21.229008	5.374046	5.786260	2.253085
1.041748	-0.254395	-0.075195	-14.954198	5.748092	5.992366	2.263439
1.027588	-0.257812	-0.077637	-13.961832	4.396947	0.167939	2.273748
1.029053	-0.261963	-0.050537	-11.687023	3.496183	-1.190840	2.283792
1.030273	-0.260742	-0.048340	-11.183206	1.572519	-2.328244	2.293706
1.027344	-0.241699	-0.057617	-13.259542	2.137405	-4.633588	2.303022
1.023926	-0.255371	-0.044678	-11.000000	2.541985	-3.839695	2.313266
1.010986	-0.286377	-0.036377	-11.916031	1.450382	-4.259542	2.323354
1.016357	-0.283447	-0.047607	-11.557252	2.725191	-3.961832	2.332743
1.004639	-0.275635	-0.045654	-13.190840	2.496183	-5.839695	2.343567
0.998047	-0.289795	-0.052246	-14.137405	2.343511	-5.809160	2.353407
1.002930	-0.291016	-0.064453	-13.396947	2.755725	-7.694656	2.363866
0.997803	-0.271484	-0.077881	-12.366412	3.221374	-7.679389	2.374377
0.989746	-0.276611	-0.079346	-12.328244	4.664122	-7.557252	2.384470
1.009033	-0.296143	-0.086670	-10.137405	4.236641	-9.068702	2.394819
1.015625	-0.280029	-0.094727	-6.038168	3.083969	-10.916031	2.404915
1.017578	-0.248047	-0.083496	-5.061069	2.984733	-10.213740	2.415283
1.016113	-0.234863	-0.070557	-4.335878	2.557252	-8.053435	2.425528
1.024658	-0.220215	-0.084473	-4.603053	2.793893	-7.938931	2.435818
1.024170	-0.222900	-0.083496	-3.625954	2.458015	-8.526718	2.446106
1.025391	-0.210938	-0.095703	-3.435115	3.167939	-8.969466	2.456227
1.019287	-0.213379	-0.091309	-1.801527	2.389313	-9.091603	2.466336
1.033691	-0.221924	-0.094727	-1.824427	1.572519	-9.893130	2.477116
1.021729	-0.209473	-0.089355	-1.351145	1.427481	-9.366412	2.487400
1.027832	-0.224854	-0.089111	1.946565	1.175573	-8.083969	2.497394
1.030273	-0.245117	-0.090820	0.335878	0.885496	-9.656489	2.507098
1.028809	-0.255615	-0.096680	6.648855	-0.969466	-12.389313	2.517816
1.022217	-0.251221	-0.095215	11.938931	-2.381679	-14.427481	2.528214
1.039795	-0.320801	-0.102783	18.503817	-5.007634	-15.648855	2.538269
1.053467	-0.450195	-0.067139	27.793893	-10.824427	-27.068702	2.548434
1.090088	-0.566895	-0.095215	39.297710	-17.129771	-38.534351	2.558795
1.075195	-0.525635	-0.114990	59.183206	-18.648855	-42.160305	2.568979
1.037109	-0.339355	-0.119629	80.114504	-11.992366	-26.824427	2.579685
1.014648	-0.166992	-0.108398	88.923664	-9.442748	-4.305344	2.589747
0.995850	-0.015869	-0.132812	83.229008	-4.419847	10.412214	2.599863
1.004639	0.013672	-0.154053	72.259542	-5.862595	10.732824	2.610098
1.040039	-0.003174	-0.127930	54.167939	-10.152672	2.847328	2.620556
1.042236	0.003662	-0.093750	39.160305	-12.832061	-1.603053	2.630564
1.048340	0.031006	-0.064697	31.488550	-14.358779	-0.854962	2.640850
1.039062	0.062500	-0.057861	25.465649	-13.816794	4.832061	2.651477
1.035645	0.043213	-0.072510	16.175573	-14.198473	10.580153	2.662317
1.054932	-0.059326	-0.116211	6.236641	-14.549618	7.167939	2.672537
1.052734	-0.165527	-0.116943	-0.358779	-14.404580	-1.725191	2.683293
1.044189	-0.212646	-0.100586	-4.625954	-12.664122	-5.152672	2.692979
1.037109	-0.236816	-0.058105	-3.969466	-11.282443	-3.648855	2.702189
1.008057	-0.242432	-0.069580	2.366412	-10.160305	1.175573	2.712882
0.988281	-0.209961	-0.065674	10.755725	-9.259542	6.671756	2.723120
0.975586	-0.176270	-0.071533	13.847328	-7.541985	10.320611	2.733351
0.969482	-0.129150	-0.074707	11.511450	-7.801527	9.290076	2.743618
0.983643	-0.063477	-0.093262	5.480916	-7.618321	6.480916	2.754190
1.004395	-0.068115	-0.061523	-6.015267	-8.656489	4.015267	2.764245
1.028809	-0.094238	-0.059570	-15.717557	-8.732824	2.175573	2.774698
1.047119	-0.140381	-0.041016	-28.351145	-8.343511	2.328244	2.785122
1.052979	-0.211670	-0.056641	-33.694656	-6.969466	3.236641	2.795069
1.034912	-0.262695	-0.064697	-34.160305	-4.541985	3.900763	2.805278
1.011230	-0.284668	-0.079834	-27.946565	-1.396947	6.061069	2.815862
0.999756	-0.360840	-0.111328	-19.809160	-0.534351	1.717557	2.826247
1.018066	-0.394775	-0.118408	-7.312977	-1.061069	-2.633588	2.836465
1.021240	-0.358154	-0.118896	3.251908	-1.221374	-2.152672	2.846733
1.051758	-0.285400	-0.106445	13.015267	2.587786	1.816794	2.856939
1.044678	-0.208496	-0.101074	18.358779	5.274809	6.381679	2.866912
1.048584	-0.152588	-0.087646	20.122137	6.374046	10.694656	2.877322
1.039551	-0.124023	-0.066895	19.099237	5.206107	12.183206	2.887657
1.040527	-0.128906	-0.072510	15.587786	3.694656	8.053435	2.897925
1.041504	-0.148926	-0.086670	8.442748	3.091603	3.961832	2.908128
1.041504	-0.154297	-0.087646	4.229008	1.992366	1.793893	2.918500
1.034668	-0.168213	-0.089844	-1.015267	3.473282	1.175573	2.928810
1.020752	-0.169189	-0.095215	-3.580153	7.877863	3.687023	2.939281
1.006836	-0.164062	-0.077881	-5.389313	11.022901	5.290076	2.949270
0.995361	-0.155029	-0.088379	-7.603053	14.595420	9.389313	2.959623
0.973633	-0.156982	-0.099121	-9.687023	16.213740	9.167939	2.970236
0.984863	-0.190430	-0.096680	-12.725191	17.717557	5.595420	2.983422
1.004395	-0.227783	-0.087402	-16.320611	17.129771	2.435115	2.993592
1.036133	-0.300537	-0.088135	-16.618321	14.091603	-3.404580	3.003477
1.065918	-0.364258	-0.075684	-14.351145	11.297710	-9.320611	3.013961
1.058838	-0.336670	-0.053711	-6.572519	10.404580	-6.885496	3.023837
1.024170	-0.264648	-0.024902	0.488550	9.679389	-0.793893	3.034410
1.011719	-0.230225	-0.037842	7.404580	9.320611	2.870229	3.044209
1.003174	-0.216309	-0.057861	8.687023	8.396947	1.603053	3.054744
1.010498	-0.196533	-0.063721	6.358779	8.160305	-0.480916	3.064976
1.025391	-0.198242	-0.065430	0.603053	6.473282	-2.419847	3.075403
1.040039	-0.208008	-0.069824	-3.251908	7.763359	-1.946565	3.085600
1.036621	-0.226318	-0.054199	-4.229008	5.076336	-1.832061	3.095961
1.034912	-0.260986	-0.048584	-2.068702	4.267176	-1.648855	3.105891
1.012939	-0.244873	-0.039307	0.687023	2.870229	-1.251908	3.116399
1.001465	-0.193359	-0.055664	1.992366	2.106870	0.076336	3.126687
0.988281	-0.156006	-0.053223	0.312977	0.977099	0.748092	3.137158
0.996582	-0.141602	-0.048340	-3.916031	-0.137405	0.549618	3.146970
1.025879	-0.150146	-0.055420	-14.572519	-1.068702	-1.091603	3.157424
1.055176	-0.225830	-0.054199	-19.175573	-3.625954	-4.854962	3.167906
1.058350	-0.277344	-0.038086	-21.519084	-6.633588	-7.702290	3.178212
1.036377	-0.251465	-0.030518	-17.641221	-6.786260	-5.396947	3.188306
1.004639	-0.188721	-0.032715	-15.488550	-5.824427	0.297710	3.198448
0.997070	-0.199219	-0.052490	-13.442748	-7.549618	-0.167939	3.208238
1.013428	-0.229736	-0.059326	-11.061069	-11.206107	-3.541985	3.219917
1.020264	-0.219971	-0.060059	-14.259542	-13.793893	-6.671756	3.230446
1.028320	-0.188965	-0.037842	-17.290076	-12.824427	-6.961832	3.241019
1.028809	-0.170166	-0.057861	-20.541985	-11.244275	-3.541985	3.250911
1.042725	-0.216309	-0.079834	-20.580153	-10.328244	-2.022901	3.261814
1.039551	-0.281982	-0.085938	-16.496183	-10.160305	-3.206107	3.272629
1.037598	-0.306885	-0.086670	-9.954198	-11.061069	-4.717557	3.282872
1.031982	-0.278809	-0.084473	-4.099237	-11.801527	-3.877863	3.293292
1.027100	-0.257568	-0.093018	0.175573	-11.267176	-2.259542	3.303935
1.030762	-0.248535	-0.081543	4.328244	-10.656489	-1.282443	3.314654
1.026855	-0.242188	-0.087158	5.603053	-10.000000	-0.809160	3.325102
1.023438	-0.223145	-0.100098	6.282443	-9.977099	-1.282443	3.334984
1.019043	-0.221680	-0.104980	8.091603	-9.328244	-0.893130	3.345106
1.017822	-0.218750	-0.117920	8.198473	-8.961832	-1.938931	3.355689
1.026367	-0.230469	-0.106445	7.396947	-9.274809	-3.610687	3.366231
1.020996	-0.249023	-0.097168	7.206107	-10.908397	-5.725191	3.376786
1.002930	-0.194092	-0.105713	7.709924	-8.045802	-2.557252	3.387037
0.988037	-0.112793	-0.103760	5.137405	-3.106870	2.343511	3.397626
0.993652	-0.082031	-0.100342	3.236641	-1.473282	3.916031	3.407931
1.025146	-0.113281	-0.099609	-8.358779	-2.167939	2.305344	3.418423
1.051514	-0.187988	-0.105225	-17.587786	-2.152672	-3.198473	3.428827
1.047607	-0.213379	-0.101807	-20.954198	-2.206107	-5.480916	3.439107
1.035400	-0.209961	-0.070557	-21.648855	0.122137	-2.931298	3.449484
1.010498	-0.214111	-0.087158	-17.351145	2.832061	-0.076336	3.459597
0.995361	-0.190918	-0.105469	-13.000000	4.809160	3.900763	3.470283
1.013672	-0.203613	-0.103760	-12.137405	4.000000	-0.641221	3.480746
1.036377	-0.230469	-0.105469	-14.435115	2.167939	-3.862595	3.490822
1.043945	-0.209717	-0.082031	-16.984733	2.335878	-5.625954	3.501108
1.044922	-0.175293	-0.057373	-19.541985	5.007634	-2.358779	3.511391
1.027832	-0.174805	-0.056885	-20.145038	7.984733	1.557252	3.521537
1.019043	-0.208252	-0.072510	-19.282443	8.007634	1.030534	3.531869
1.033936	-0.257080	-0.082764	-18.053435	7.358779	-1.687023	3.542445
1.030762	-0.265869	-0.090820	-16.442748	7.442748	-4.648855	3.552645
1.022949	-0.241943	-0.087158	-14.854962	7.977099	-3.824427	3.562646
1.024414	-0.225830	-0.083984	-13.511450	8.198473	-0.068702	3.573315
1.021484	-0.228760	-0.076416	-12.480916	9.129771	0.961832	3.583612
1.014404	-0.221191	-0.082520	-10.412214	11.000000	1.267176	3.593347
1.015381	-0.211426	-0.077148	-8.358779	10.496183	1.259542	3.603974
1.018066	-0.210693	-0.076660	-9.259542	11.221374	0.832061	3.614161
1.008057	-0.222168	-0.096191	-10.160305	11.274809	-0.221374	3.624766
1.010498	-0.219727	-0.097412	-9.961832	11.175573	-0.404580	3.635148
1.022461	-0.207275	-0.086914	-8.473282	11.213740	0.427481	3.645444
1.022705	-0.204834	-0.096924	-8.160305	11.572519	1.480916	3.655551
1.020508	-0.178711	-0.087402	-8.427481	12.664122	2.488550	3.665752
1.019043	-0.157959	-0.069092	-9.969466	11.572519	3.664122	3.675983
1.016113	-0.137207	-0.064453	-12.877863	11.839695	4.854962	3.685921
1.012451	-0.124268	-0.060547	-16.022901	11.931298	4.770992	3.696150
1.019775	-0.110352	-0.064941	-20.717557	13.053435	5.916031	3.706536
1.017334	-0.093018	-0.058594	-23.351145	12.923664	7.625954	3.716531
1.029053	-0.075439	-0.073242	-26.145038	13.496183	9.305344	3.726663
1.026611	-0.105469	-0.073975	-32.122137	14.022901	10.244275	3.736869
1.041992	-0.170654	-0.077637	-39.083969	12.847328	7.419847	3.747094
1.047607	-0.221436	-0.052490	-41.572519	11.297710	4.671756	3.756861
1.051514	-0.242676	-0.054688	-40.648855	10.519084	3.824427	3.766649
1.051514	-0.268799	-0.055420	-36.404580	9.641221	2.885496	3.776177
1.040283	-0.311523	-0.079346	-28.900763	8.847328	2.183206	3.785407
1.022705	-0.310059	-0.074463	-22.091603	6.221374	1.412214	3.795029
1.014160	-0.284668	-0.064697	-17.893130	4.931298	1.816794	3.805686
1.008545	-0.249268	-0.064941	-13.633588	3.625954	1.694656	3.815954
1.030029	-0.210938	-0.062988	-9.412214	2.702290	2.961832	3.826355
1.031738	-0.209717	-0.059082	-7.396947	0.442748	1.366412	3.836735
1.049561	-0.221436	-0.053711	-4.458015	-0.862595	-1.465649	3.847197
1.037109	-0.220703	-0.045898	-0.854962	-2.770992	-2.465649	3.857481
1.035156	-0.221924	-0.002930	-1.473282	-3.328244	-1.366412	3.867621
1.039551	-0.229492	0.004639	-3.793893	-4.404580	0.320611	3.878092
1.047119	-0.229248	0.015869	-9.030534	-4.015267	2.320611	3.889097
1.041016	-0.224854	0.002441	-11.106870	-3.564885	1.282443	3.899325
1.027832	-0.222900	-0.020020	-8.961832	-3.015267	0.618321	3.909969
1.022705	-0.209473	-0.044922	-7.763359	-3.030534	-0.343511	3.920263
1.002686	-0.214844	-0.023926	-8.786260	-1.984733	0.671756	3.930522
1.020020	-0.227539	-0.045898	-10.015267	-5.328244	-2.694656	3.941214
1.003906	-0.232178	-0.031494	-9.496183	-7.549618	-5.167939	3.951715
0.999756	-0.256592	-0.027832	-10.946565	-9.572519	-7.938931	3.961889
1.004639	-0.305664	-0.030518	-9.145038	-11.137405	-11.221374	3.971977
1.007324	-0.328613	-0.029785	-7.519084	-13.129771	-13.938931	3.982535
1.000977	-0.349121	-0.041504	-4.335878	-12.389313	-13.778626	3.992362
0.991699	-0.323730	-0.061279	-1.763359	-11.473282	-11.572519	4.002941
0.990234	-0.292236	-0.056152	-1.938931	-9.580153	-6.572519	4.013469
0.996094	-0.253906	-0.059082	-2.534351	-8.946565	-3.312977	4.023273
1.012939	-0.216064	-0.042969	-6.412214	-8.267176	-2.152672	4.033859
1.010498	-0.219971	-0.026611	-9.770992	-8.251908	-3.358779	4.044225
1.020996	-0.219482	-0.032715	-11.083969	-8.610687	-4.893130	4.054608
1.034180	-0.221924	-0.031006	-13.419847	-7.893130	-5.251908	4.065300
1.042236	-0.244385	-0.020508	-15.022901	-7.160305	-4.870229	4.075256
1.032715	-0.260498	-0.056396	-12.374046	-6.717557	-5.137405	4.085833
1.019287	-0.242920	-0.062744	-9.832061	-5.687023	-4.419847	4.095953
1.013428	-0.215332	-0.066406	-10.954198	-4.793893	-1.877863	4.106130
1.030518	-0.199951	-0.051514	-12.160305	-5.679389	-1.938931	4.116350
1.072754	-0.178223	-0.045654	-12.351145	-6.908397	-3.526718	4.126652
1.053955	-0.171631	-0.021484	-12.114504	-8.076336	-5.458015	4.136858
1.040039	-0.211426	-0.023682	-10.129771	-6.343511	-7.290076	4.147044
1.038574	-0.204346	-0.070557	-7.435115	-6.305344	-7.083969	4.157302
1.035400	-0.185303	-0.051514	-10.083969	-7.748092	-7.786260	4.167703
1.020996	-0.184082	-0.063477	-13.900763	-6.664122	-6.618321	4.177798
1.011719	-0.187256	-0.095947	-14.442748	-7.572519	-8.687023	4.188280
1.022217	-0.156982	-0.127930	-15.251908	-7.213740	-10.221374	4.198613
1.002441	-0.170654	-0.131348	-18.053435	-8.229008	-12.137405	4.209054
1.010010	-0.188965	-0.143066	-15.870229	-6.854962	-13.809160	4.219274
1.012939	-0.205322	-0.150391	-12.984733	-6.572519	-12.770992	4.229572
1.010498	-0.219238	-0.125000	-12.343511	-6.503817	-11.236641	4.240187
1.022461	-0.235107	-0.138672	-11.290076	-6.702290	-10.900763	4.250193
1.011963	-0.207520	-0.139404	-9.274809	-4.061069	-9.251908	4.260461
1.020264	-0.194092	-0.145264	-8.320611	-0.870229	-6.648855	4.271218
1.030029	-0.215820	-0.147461	-4.290076	0.564885	-5.435115	4.281303
1.024414	-0.219727	-0.157227	0.458015	0.938931	-6.022901	4.291852
1.016846	-0.196289	-0.156494	4.839695	2.442748	-4.282443	4.302099
1.017578	-0.151611	-0.159668	7.267176	2.824427	-2.374046	4.312578
1.025635	-0.125488	-0.131592	7.022901	2.824427	-1.977099	4.322818
1.035400	-0.112305	-0.134766	6.473282	2.671756	-3.099237	4.332800
1.053711	-0.095459	-0.135254	5.480916	2.961832	-5.000000	4.343323
1.032227	-0.129150	-0.142334	4.854962	3.236641	-6.641221	4.353471
1.024902	-0.178223	-0.135986	4.824427	2.290076	-8.816794	4.363804
1.027100	-0.189941	-0.137207	6.022901	2.122137	-9.725191	4.374018
0.998779	-0.210693	-0.124512	5.488550	2.328244	-8.908397	4.384315
0.994629	-0.218262	-0.075928	6.633588	1.328244	-7.969466	4.394771
0.994629	-0.200928	-0.038574	7.717557	-0.992366	-6.702290	4.405002
0.993408	-0.174805	-0.017822	6.832061	-3.297710	-5.595420	4.415220
0.995850	-0.186279	0.032715	6.557252	-5.641221	-6.442748	4.425290
1.036377	-0.193848	-0.391846	2.648855	1.877863	-4.167939	4.435494
0.878906	-0.316162	0.164551	7.503817	-0.145038	-13.564885	4.446201
1.119629	-0.180176	0.219971	18.564885	-23.488550	-1.503817	4.456497
1.328125	0.173340	0.574463	3.106870	-26.366412	1.900763	4.466826
1.255859	0.226562	0.707275	-6.534351	-34.832061	21.977099	4.476961
1.521729	0.256592	0.443359	-30.839695	-32.961832	28.488550	4.487225
1.299072	0.572266	-0.218750	-32.961832	-3.068702	33.343511	4.497785
0.976807	0.089355	-0.880371	-62.801527	33.908397	53.961832	4.508211
0.320557	-1.202148	-1.036377	-69.129771	68.022901	18.984733	4.518830
0.145264	-1.466553	-0.790283	-42.801527	24.152672	-28.946565	4.529107
0.880371	-0.781250	0.110107	-5.419847	-32.992366	-49.503817	4.539411
1.239746	0.193604	0.354004	30.374046	-49.770992	-28.099237	4.549762
1.358887	0.407227	0.253418	-4.816794	-19.923664	36.954198	4.560483
1.253662	-0.039551	0.088623	-19.587786	19.900763	41.206107	4.570676
1.145752	-0.189209	-0.060303	-25.160305	29.389313	19.061069	4.581085
1.106934	-0.024414	-0.060059	-28.549618	12.488550	4.603053	4.591601
1.124268	0.176514	-0.120117	-32.213740	3.022901	21.343511	4.602248
1.055176	0.148438	-0.243164	-37.251908	-10.534351	33.526718	4.612154
0.930908	0.048828	-0.292236	-44.221374	-18.351145	38.984733	4.622041
0.988770	-0.166992	-0.362305	-53.580153	-2.343511	29.832061	4.631539
0.911621	-0.406982	-0.366699	-57.022901	22.526718	1.412214	4.642384
0.941162	-0.474121	-0.344238	-59.274809	31.259542	-25.366412	4.652595
0.967773	-0.471191	-0.318848	-52.038168	29.809160	-35.198473	4.662428
0.968506	-0.478027	-0.271240	-22.664122	24.717557	-15.351145	4.672704
0.946777	-0.423096	-0.246338	-1.053435	28.030534	5.702290	4.682997
0.948730	-0.347168	-0.214844	7.488550	37.099237	10.435115	4.693019
0.971924	-0.290039	-0.180908	9.236641	35.824427	4.458015	4.702461
1.012207	-0.197510	-0.129150	7.526718	27.007634	-5.450382	4.711670
1.053711	-0.143311	-0.107178	5.534351	18.427481	-9.045802	4.721932
1.075684	-0.102051	-0.063232	7.419847	4.221374	-6.938931	4.732513
1.098877	-0.089600	-0.050537	6.816794	-4.587786	-2.549618	4.742472
1.094482	-0.052246	-0.064697	6.854962	-5.671756	0.213740	4.752684
1.072510	-0.063232	-0.095459	5.351145	-1.541985	0.473282	4.762881
1.042236	-0.080566	-0.089600	0.221374	2.145038	-3.526718	4.773108
1.035645	-0.094482	-0.101074	-7.396947	3.763359	-9.328244	4.783688
1.008545	-0.134277	-0.118896	-7.877863	5.030534	-12.496183	4.793779
1.013184	-0.177490	-0.108154	-8.297710	8.152672	-16.145038	4.803990
1.024170	-0.212158	-0.062988	-10.885496	11.854962	-19.610687	4.814304
1.056396	-0.193115	-0.040527	-12.053435	17.809160	-19.541985	4.824810
1.044189	-0.187988	-0.020264	-16.045802	18.770992	-17.229008	4.835073
1.031738	-0.189697	-0.008789	-17.641221	19.801527	-20.725191	4.845237
1.031982	-0.176270	-0.000732	-22.160305	16.778626	-20.793893	4.855931
1.057129	-0.173828	-0.006592	-20.152672	13.824427	-16.450382	4.865958
1.036865	-0.171387	-0.006592	-16.137405	12.679389	-6.106870	4.876077
1.019043	-0.174561	-0.003418	-14.068702	9.374046	-1.343511	4.886529
1.000000	-0.186279	-0.035645	-13.343511	8.198473	0.580153	4.897057
1.000732	-0.218262	-0.054932	-14.854962	6.114504	-1.641221	4.907103
1.019531	-0.202393	-0.080322	-13.267176	6.610687	-2.770992	4.917332
0.993896	-0.181396	-0.056641	-7.435115	3.541985	-1.335878	4.927837
1.030518	-0.143799	-0.018799	-6.152672	-1.236641	0.656489	4.938386
1.066406	-0.121582	-0.038818	-8.206107	-1.603053	0.534351	4.948107
1.037842	-0.144531	-0.055176	-7.717557	-2.381679	-2.366412	4.958671
1.062012	-0.158936	-0.026611	-4.145038	-6.076336	-5.374046	4.969045
1.052734	-0.215088	-0.057129	-0.938931	-11.145038	-10.717557	4.982287
1.010986	-0.178223	-0.139160	3.282443	-10.725191	-10.061069	4.992676
1.021240	-0.104004	-0.155029	0.480916	-11.015267	-8.541985	5.002727
1.046631	-0.041748	-0.108154	-4.748092	-13.534351	-7.267176	5.012896
1.093262	0.005127	-0.035645	-3.183206	-20.748092	-8.541985	5.023150
1.085205	-0.034912	-0.017822	-5.213740	-23.091603	-12.137405	5.033640
1.073486	-0.159668	0.011230	-13.366412	-23.954198	-15.992366	5.043868
1.049805	-0.241943	0.008057	-12.312977	-24.709924	-19.175573	5.053993
1.015625	-0.280518	-0.047852	-12.717557	-20.419847	-16.755725	5.064340
0.983154	-0.341553	-0.130371	-14.267176	-15.389313	-14.832061	5.074403
0.910400	-0.295410	-0.217529	-12.488550	-6.274809	-8.183206	5.084951
0.936523	-0.211914	-0.225342	-10.290076	-3.374046	-3.351145	5.095209
1.046875	-0.209717	-0.204834	-4.091603	-8.366412	-7.687023	5.105520
1.092529	-0.151367	-0.244385	-0.007634	-5.992366	-8.458015	5.115688
1.175537	-0.149658	-0.292480	0.847328	-2.007634	-9.000000	5.126404
1.173096	-0.179688	-0.239258	2.106870	3.641221	-7.969466	5.137438
1.067627	-0.170410	-0.144531	16.564885	4.732824	-3.458015	5.147754
1.002197	-0.216553	-0.156250	25.137405	6.297710	-1.465649	5.157761
0.995361	-0.292480	-0.201416	21.961832	3.847328	-10.809160	5.167833
1.023682	-0.296143	-0.175049	16.458015	1.473282	-18.801527	5.178055
1.037109	-0.286133	-0.136963	24.236641	-0.931298	-25.236641	5.189047
1.018799	-0.211426	-0.113525	37.450382	1.885496	-16.404580	5.199174
1.015137	-0.142334	-0.120117	32.473282	-0.732824	-14.587786	5.209757
1.001953	-0.108398	-0.094482	45.061069	5.221374	-5.519084	5.220220
1.037109	-0.097168	-0.104004	31.633588	23.297710	-14.717557	5.230804
0.965820	-0.131836	-0.117676	27.213740	20.305344	-16.687023	5.241561
0.947998	-0.012207	-0.089111	28.404580	-2.992366	-5.564885	5.251424
1.009521	0.040283	-0.059570	35.862595	-11.557252	3.526718	5.261133
1.025391	0.065674	-0.056885	27.022901	-6.404580	4.664122	5.271281
1.032959	0.015869	-0.045166	21.137405	-2.877863	-0.442748	5.281858
1.022705	-0.055908	-0.025391	13.114504	-4.183206	-4.916031	5.292052
1.041260	-0.048340	-0.025146	7.251908	-9.175573	-8.145038	5.302155
1.072998	-0.062012	-0.037598	1.473282	-8.114504	-5.129771	5.312758
1.066650	-0.063477	-0.057617	-0.511450	-5.778626	0.862595	5.322934
1.033447	-0.062988	-0.052002	-9.862595	-12.038168	2.770992	5.333514
1.060547	-0.115234	-0.050293	-4.267176	-6.145038	9.916031	5.343836
1.065430	-0.123291	-0.062012	-13.885496	6.770992	-17.549618	5.354036
1.058350	-0.169189	-0.040039	-14.824427	20.129771	-16.442748	5.364301
1.027832	-0.166504	-0.036621	-7.297710	3.343511	-9.389313	5.374432
1.070068	-0.168213	-0.035889	-8.824427	-8.740458	5.083969	5.385002
1.011230	-0.167725	-0.029053	-3.992366	-8.061069	15.595420	5.395418
1.049561	-0.135010	-0.039062	-4.267176	2.717557	2.923664	5.405278
0.981689	-0.115723	-0.012695	-7.862595	-3.167939	1.893130	5.415612
1.013184	-0.114258	-0.044922	-7.412214	-14.122137	0.305344	5.425627
1.048096	-0.117188	-0.076172	-6.877863	-15.488550	2.862595	5.436062
1.070068	-0.090576	-0.075195	-7.053435	-14.389313	0.809160	5.446600
1.064697	-0.089844	-0.107178	-10.717557	-13.473282	0.671756	5.456690
1.066406	-0.073242	-0.085449	-7.549618	-14.549618	0.610687	5.467013
1.044189	-0.058838	-0.088135	-8.526718	-14.961832	0.687023	5.477192
1.005615	-0.011719	-0.079834	-3.213740	-16.061069	-0.015267	5.487728
1.031982	-0.079102	-0.060791	-2.572519	-13.679389	-11.603053	5.498121
1.000000	-0.074707	-0.099121	-4.000000	-4.725191	-23.954198	5.507934
0.998047	-0.142578	-0.033936	-4.458015	-4.152672	-30.938931	5.518302
1.021484	-0.226074	-0.071045	-9.358779	2.030534	-30.351145	5.528471
0.913574	-0.200684	-0.055908	-12.259542	-1.656489	-50.870229	5.538903
1.009766	-0.264648	-0.119141	-7.206107	-23.389313	-42.603053	5.549383
1.034668	-0.287842	-0.043213	4.213740	4.595420	-41.824427	5.559670
0.932861	-0.364502	0.032227	-4.374046	17.702290	-45.190840	5.569890
0.828613	-0.415771	0.041260	-1.847328	27.419847	-50.335878	5.580095
0.843750	-0.393311	0.027100	8.954198	19.625954	-58.740458	5.590563
0.979492	-0.340820	0.008301	18.748092	1.641221	-64.725191	5.600852
1.111328	-0.275879	0.031006	23.419847	-4.748092	-62.938931	5.610771
1.209961	-0.198486	0.029541	19.816794	6.175573	-64.015267	5.621191
1.216064	-0.136719	-0.014404	22.938931	24.511450	-56.129771	5.631595
1.129150	-0.122803	-0.006592	23.358779	27.167939	-46.007634	5.641787
1.025879	-0.113525	-0.031738	17.625954	14.870229	-42.465649	5.652309
0.977295	-0.108643	-0.061523	8.763359	1.374046	-44.259542	5.662429
0.979736	-0.185059	-0.080322	5.931298	-7.526718	-50.801527	5.672707
0.968506	-0.280762	-0.099609	19.465649	-11.198473	-62.152672	5.683120
0.963623	-0.284912	-0.151367	26.091603	-12.801527	-71.419847	5.693362
0.949463	-0.220947	-0.095215	39.374046	-17.129771	-68.190840	5.703717
0.981201	-0.128418	0.003662	51.564885	-21.786260	-54.671756	5.713951
1.039062	0.064697	0.091064	49.786260	-25.908397	-33.847328	5.723595
1.112549	0.251953	0.144775	46.358779	-26.732824	-16.679389	5.734866
1.133545	0.405029	0.132080	53.969466	-24.564885	-12.854962	5.746991
1.096680	0.517090	0.116943	58.603053	-23.534351	-9.480916	5.759095
1.035400	0.477295	0.085449	39.549618	-30.427481	-10.106870	5.771186
0.988770	0.339600	0.072998	24.854962	-50.572519	-15.954198	5.783053
0.970459	0.177734	0.011230	29.503817	-57.404580	-25.877863	5.794734
1.024658	0.079590	-0.062744	33.778626	-51.694656	-40.412214	5.806889
1.038330	0.070557	-0.053711	30.351145	-43.580153	-42.961832	5.818644
1.034180	0.136963	0.025879	53.633588	-40.801527	-27.053435	5.830462
1.070801	0.241699	-0.071533	66.328244	-89.213740	-20.175573	5.842430
1.151855	0.317871	-0.162842	56.068702	-29.908397	-19.450382	5.854673
1.068359	0.287842	-0.026611	26.206107	-2.419847	-68.526718	5.866499
1.022949	0.237305	-0.216309	28.412214	-3.702290	-88.511450	5.878534
0.996338	0.057861	-0.401367	7.931298	-12.977099	-87.526718	5.890138
1.038086	-0.166992	-0.418213	-34.175573	-9.648855	-85.702290	5.901606
1.115234	-0.355713	-0.339355	-31.877863	15.625954	-91.198473	5.913350
1.028809	-0.269775	-0.225586	-15.740458	27.206107	-94.511450	5.925671
0.861572	0.076904	-0.104492	37.992366	28.091603	-69.778626	5.937275
0.886719	0.372314	-0.176514	52.847328	33.312977	-59.885496	5.949082
0.937256	0.514893	-0.301025	53.358779	42.648855	-47.030534	5.961821
1.027832	0.413086	-0.321289	27.923664	30.770992	-45.984733	5.973378
1.125488	0.309082	-0.309814	-2.648855	20.099237	-55.473282	5.985405
1.293457	0.170410	-0.398926	-14.580153	7.000000	-55.595420	5.996891
1.193848	0.186523	-0.396240	2.801527	8.648855	-18.549618	6.009024
1.252441	0.224121	-0.334717	6.679389	14.763359	6.977099	6.020920
1.182373	0.344482	-0.211670	10.931298	32.290076	41.366412	6.032831
1.233398	0.502930	-0.174805	-7.366412	-17.381679	-6.572519	6.044440
1.248291	0.600586	-0.080566	-24.595420	42.312977	-11.000000	6.056528
1.349121	0.630127	-0.088135	-17.793893	62.091603	26.877863	6.068535
1.192383	0.619873	-0.045410	4.335878	68.992366	73.160305	6.080209
1.142578	0.555176	-0.102539	-9.793893	52.175573	69.839695	6.091724
1.030029	0.532959	-0.136230	-18.511450	42.175573	62.801527	6.103902
0.999023	0.415283	-0.207031	-63.175573	29.793893	27.572519	6.115575
0.923584	0.365234	-0.270508	-80.679389	13.824427	19.015267	6.127407
0.867920	0.338867	-0.302490	-81.664122	-11.000000	34.091603	6.139040
0.882812	0.358154	-0.272461	-118.541985	-20.541985	36.000000	6.151033
0.901123	0.354736	-0.179443	-159.503817	-4.122137	31.488550	6.162926
0.909180	0.327393	-0.090088	-196.610687	-0.671756	36.259542	6.174819
0.903809	0.264404	-0.104004	-216.954198	-10.870229	48.419847	6.185708
0.920166	0.140137	-0.062256	-229.053435	-17.068702	58.618321	6.197438
0.876465	-0.007568	0.021484	-223.335878	6.198473	61.068702	6.209843
0.838135	-0.148682	0.010010	-207.526718	17.328244	63.465649	6.221359
0.743164	-0.234619	0.034180	-180.412214	14.992366	71.175573	6.233132
0.669189	-0.301514	0.058105	-149.610687	6.290076	83.442748	6.244906
0.633545	-0.353271	0.095947	-117.603053	-2.503817	98.427481	6.256970
0.647217	-0.402588	0.070557	-89.442748	-9.396947	102.450382	6.268821
0.696289	-0.467285	0.055176	-60.778626	-14.045802	97.893130	6.280725
0.719482	-0.567383	0.037109	-43.412214	-13.259542	90.229008	6.292639
0.687012	-0.668457	0.024414	-38.961832	-6.183206	90.007634	6.304644
0.662354	-0.808594	0.127686	-25.305344	-4.412214	85.641221	6.316386
0.653809	-0.907471	0.268799	-2.854962	-12.832061	70.381679	6.328153
0.937012	-0.174561	0.854492	130.343511	-70.282443	52.465649	6.339639
1.999939	1.853027	-0.156250	250.129771	-168.129771	75.664122	6.352037
1.999939	1.999939	-0.171387	101.488550	-133.809160	133.183206	6.363943
1.999939	0.927490	0.311768	12.351145	12.778626	187.167939	6.375677
0.457764	0.540771	0.013428	-1.564885	94.053435	59.603053	6.387335
-0.241943	-0.080078	-0.003418	-135.900763	63.740458	-48.076336	6.398882
-0.611328	-0.560303	-0.334473	-170.366412	12.076336	-93.419847	6.410323
-0.127930	-1.576416	-0.495850	-160.786260	-40.732824	-118.297710	6.422344
0.748047	-1.243164	-0.840332	-39.496183	-111.923664	-111.916031	6.434116
1.727783	-0.745117	-0.964600	63.122137	-132.748092	-52.625954	6.445956
1.999939	-0.021973	-0.666748	156.015267	-24.923664	33.290076	6.458526
1.402588	0.636230	-0.334473	198.938931	90.717557	71.618321	6.470556
1.334717	0.988770	-0.148193	126.305344	71.740458	65.145038	6.482358
0.808594	0.748535	0.062744	4.297710	33.007634	45.129771	6.494110
0.826172	0.252441	0.059326	-83.900763	-15.679389	6.045802	6.506198
1.041748	-0.283691	0.064941	-115.954198	-56.297710	-15.671756	6.518258
1.499268	-0.752686	-0.116699	-89.961832	-20.900763	-16.061069	6.529920
1.262695	-0.769775	-0.285400	-28.862595	38.145038	-13.900763	6.541023
0.904541	-0.580566	-0.298340	39.251908	56.030534	12.190840	6.552860
0.847412	-0.306641	-0.286133	59.129771	27.435115	1.480916	6.565304
0.887207	-0.159180	-0.280762	39.076336	10.259542	-27.732824	6.577494
0.899902	-0.056396	-0.238281	9.648855	13.175573	-50.251908	6.588834
0.987061	-0.036377	-0.259277	-8.206107	17.984733	-66.305344	6.601645
0.888184	0.005371	-0.233398	-0.664122	17.099237	-55.183206	6.613788
1.029053	-0.034424	-0.247070	21.511450	-0.183206	-39.091603	6.625618
0.987305	0.031982	-0.181152	32.725191	-5.160305	-34.618321	6.637075
1.020264	0.103027	-0.125977	33.236641	-6.251908	-31.458015	6.648672
1.084961	0.117676	-0.087646	36.213740	-18.587786	-23.503817	6.660882
1.112061	0.105469	-0.065918	31.786260	-9.198473	-12.458015	6.672726
1.070801	0.050781	-0.114990	29.671756	0.519084	-6.656489	6.684357
1.025391	-0.010498	-0.156982	33.175573	5.534351	-4.267176	6.696051
1.010010	0.005371	-0.187744	29.824427	5.511450	-2.755725	6.707774
1.007812	0.001953	-0.218262	30.190840	7.251908	-6.702290	6.719443
1.016846	0.017090	-0.221924	23.900763	15.007634	-2.702290	6.731042
1.022461	-0.032227	-0.221924	22.381679	20.984733	-0.167939	6.742926
1.026123	-0.054443	-0.205322	19.519084	26.190840	6.809160	6.755026
1.016357	-0.050781	-0.195801	17.992366	28.175573	14.526718	6.766719
1.024658	-0.033936	-0.175049	13.229008	26.763359	18.885496	6.778637
1.046875	-0.003906	-0.143555	10.709924	18.068702	22.847328	6.790608
1.075684	0.004395	-0.117676	10.137405	12.381679	24.236641	6.802514
1.077881	0.004639	-0.122070	9.343511	13.580153	21.053435	6.814114
1.034912	-0.034180	-0.119141	8.000000	14.183206	15.656489	6.825689
0.996338	-0.073242	-0.130371	7.625954	14.870229	9.511450	6.837161
1.000732	-0.093994	-0.153564	11.335878	13.351145	5.511450	6.849453
1.017822	-0.096680	-0.185059	18.992366	14.725191	2.083969	6.861315
1.025635	-0.069336	-0.207275	26.564885	20.465649	6.870229	6.872927
0.988525	-0.031006	-0.170654	31.290076	25.343511	15.351145	6.885031
1.008301	0.006104	-0.159668	33.740458	25.061069	20.000000	6.896796
0.994629	0.048096	-0.170410	29.687023	24.809160	19.282443	6.908857
1.003174	0.046875	-0.164795	12.328244	22.320611	12.633588	6.920952
1.043701	0.020752	-0.153320	-3.274809	16.641221	5.519084	6.932768
1.076660	0.000977	-0.152344	-10.267176	17.274809	0.908397	6.944390
1.060059	-0.015625	-0.150146	-6.206107	23.465649	6.412214	6.956643
1.028320	-0.043213	-0.152832	0.290076	34.351145	17.396947	6.968215
0.985596	-0.061279	-0.144531	3.511450	41.000000	26.961832	6.982956
0.998291	-0.083984	-0.110107	6.244275	38.648855	25.832061	6.994754
1.009277	-0.086670	-0.092041	7.847328	35.190840	18.801527	7.006634
0.993408	-0.050049	-0.061279	8.549618	31.778626	16.770992	7.017596
1.000732	-0.024902	-0.033691	11.213740	26.603053	16.786260	7.029459
0.977051	-0.006104	-0.036133	18.305344	23.847328	17.748092	7.041286
0.990967	-0.027588	-0.061035	20.664122	18.129771	18.717557	7.053519
1.048584	-0.076172	-0.060791	14.167939	13.091603	18.091603	7.065261
1.070801	-0.105957	-0.037842	18.877863	11.465649	15.931298	7.076414
1.066895	-0.145264	0.016357	22.603053	12.709924	17.839695	7.087276
1.057617	-0.203369	0.039307	31.572519	12.633588	17.282443	7.097705
1.029297	-0.231934	0.085205	31.900763	13.381679	6.648855	7.109126
1.050537	-0.247559	0.100098	26.900763	8.694656	-5.625954	7.121404
1.090332	-0.227783	0.142822	24.480916	2.694656	-11.312977	7.133307
1.086670	-0.187500	0.138672	18.603053	2.625954	-9.854962	7.144893
1.085449	-0.144775	0.144287	16.129771	4.244275	-5.847328	7.157462
